9 0.06171875 0.1203125 0.05703125 0.034375
9 0.43359375 0.4796875 0.071875 0.034375
9 0.553125 0.43203125 0.10078125 0.07421875
9 0.97421875 0.2484375 0.0515625 0.03125
4 0.346875 0.44375 0.025 0.0203125
4 0.48515625 0.440625 0.02734375 0.0171875
9 0.2640625 0.475 0.0515625 0.02890625
9 0.29765625 0.4453125 0.06015625 0.0359375
9 0.30234375 0.95078125 0.05546875 0.0390625
10 0.47265625 0.22421875 0.0359375 0.01953125
10 0.68515625 0.56640625 0.04140625 0.0234375
13 0.80078125 0.875 0.05234375 0.03984375
2 0.53046875 0.12265625 0.01171875 0.0078125
9 0.18828125 0.28359375 0.0703125 0.0296875
4 0.48203125 0.3 0.02265625 0.01484375
4 0.52578125 0.3171875 0.025 0.01640625
4 0.5375 0.3484375 0.02421875 0.01875
4 0.51328125 0.34453125 0.02734375 0.01640625
4 0.4953125 0.33984375 0.0234375 0.01875
4 0.465625 0.33984375 0.02890625 0.0171875
4 0.48828125 0.3796875 0.0234375 0.015625
4 0.53671875 0.37734375 0.02734375 0.01328125
4 0.48203125 0.31484375 0.02578125 0.0140625
4 0.49453125 0.3234375 0.02890625 0.01875
4 0.4734375 0.33046875 0.02421875 0.01796875
4 0.56328125 0.3171875 0.01796875 0.0140625
4 0.5609375 0.33671875 0.03203125 0.01796875
4 0.54375 0.365625 0.02265625 0.0125
4 0.55859375 0.39609375 0.02734375 0.01875
4 0.54296875 0.4234375 0.02109375 0.0171875
4 0.50078125 0.4140625 0.03203125 0.01875
4 0.48359375 0.43984375 0.02890625 0.01953125
4 0.36171875 0.453125 0.034375 0.02265625
4 0.390625 0.4515625 0.02890625 0.01953125
9 0.446875 0.45234375 0.05859375 0.04765625
9 0.40859375 0.44609375 0.0359375 0.01953125
11 0.24609375 0.43984375 0.03828125 0.03359375
11 0.1765625 0.55078125 0.06171875 0.0703125
2 0.3546875 0.62109375 0.01015625 0.00859375
2 0.3328125 0.575 0.0078125 0.00703125
2 0.4234375 0.578125 0.01015625 0.00546875
2 0.4078125 0.66640625 0.021875 0.0109375
2 0.1140625 0.7796875 0.015625 0.00859375
2 0.08046875 0.7671875 0.00625 0.009375
2 0.075 0.90859375 0.01171875 0.015625
9 0.4765625 0.69609375 0.040625 0.05546875
2 0.66484375 0.509375 0.00859375 0.009375
2 0.790625 0.5703125 0.0125 0.00703125
2 0.81640625 0.6109375 0.01015625 0.0109375
2 0.95078125 0.70546875 0.01171875 0.0140625
2 0.771875 0.6703125 0.00859375 0.009375
10 0.63359375 0.36953125 0.0625 0.04765625