2 0.48828125 0.14453125 0.0125 0.01171875
3 0.24140625 0.2953125 0.09921875 0.0578125
3 0.42734375 0.6625 0.1171875 0.10703125
3 0.3703125 0.81953125 0.0453125 0.0265625
9 0.55625 0.61875 0.1375 0.05546875
9 0.7109375 0.471875 0.16875 0.0734375
9 0.6234375 0.5375 0.15390625 0.090625
9 0.43203125 0.47265625 0.05703125 0.11171875
9 0.4828125 0.4328125 0.08046875 0.09765625
9 0.53125 0.4640625 0.040625 0.0515625
3 0.5234375 0.5109375 0.12265625 0.0796875
3 0.73515625 0.1359375 0.08046875 0.04921875
3 0.715625 0.03125 0.0421875 0.0328125