9 0.05390625 0.1609375 0.0421875 0.03046875
9 0.6234375 0.225 0.04765625 0.04375
9 0.75390625 0.4140625 0.02890625 0.02265625
9 0.74296875 0.45625 0.053125 0.01875
9 0.7953125 0.4484375 0.071875 0.0140625
9 0.6765625 0.48046875 0.04140625 0.03515625
9 0.41640625 0.5953125 0.04453125 0.05703125
9 0.69296875 0.61953125 0.0515625 0.0609375
9 0.12890625 0.79921875 0.0296875 0.03359375
10 0.87734375 0.1953125 0.06328125 0.05703125
9 0.43515625 0.66875 0.02890625 0.02109375
2 0.93828125 0.60234375 0.02109375 0.01171875
2 0.6109375 0.7484375 0.00625 0.00859375