13 0.2703125 0.7828125 0.09609375 0.0921875
13 0.36484375 0.6984375 0.08828125 0.0703125
13 0.43125 0.7015625 0.02890625 0.01796875
13 0.39296875 0.746875 0.02421875 0.02109375
13 0.40546875 0.759375 0.02578125 0.02109375
13 0.7609375 0.75 0.15625 0.078125
13 0.04453125 0.70546875 0.03671875 0.03984375
13 0.47578125 0.55859375 0.03828125 0.03125
13 0.5453125 0.57890625 0.046875 0.03125
13 0.61875 0.565625 0.059375 0.0421875
13 0.87265625 0.50703125 0.07109375 0.071875
13 0.91484375 0.4578125 0.05 0.0390625
13 0.4703125 0.45078125 0.10546875 0.07890625
13 0.4796875 0.38515625 0.07578125 0.0453125
13 0.72578125 0.39453125 0.04140625 0.03046875
13 0.715625 0.37421875 0.03828125 0.0234375
9 0.25859375 0.01640625 0.0703125 0.03125
9 0.2453125 0.0453125 0.03984375 0.015625
7 0.42890625 0.3203125 0.0296875 0.02734375
13 0.0484375 0.39765625 0.096875 0.053125
13 0.378125 0.3640625 0.08125 0.07734375
13 0.4984375 0.29375 0.03984375 0.0546875
2 0.1359375 0.5609375 0.0109375 0.0109375
2 0.24140625 0.66171875 0.0140625 0.00859375
9 0.13515625 0.746875 0.07734375 0.05234375
9 0.16484375 0.69609375 0.0421875 0.028125
2 0.6828125 0.36796875 0.01640625 0.0109375
1 0.85390625 0.65625 0.04375 0.03984375
13 0.54921875 0.62421875 0.03828125 0.0328125
10 0.7078125 0.45703125 0.05 0.0515625
10 0.68515625 0.45 0.0296875 0.04296875
10 0.64375 0.4390625 0.0734375 0.0546875
10 0.6234375 0.49140625 0.09140625 0.02109375