13 0.43984375 0.0453125 0.04453125 0.04296875
10 0.0296875 0.09453125 0.059375 0.0359375
0 0.25234375 0.23984375 0.0734375 0.0640625
10 0.6609375 0.3953125 0.04375 0.02109375
3 0.3125 0.39296875 0.05390625 0.03125
3 0.3921875 0.359375 0.04921875 0.03984375
0 0.0375 0.41796875 0.05 0.0390625
13 0.409375 0.3984375 0.1484375 0.046875
13 0.24140625 0.45 0.0640625 0.05
13 0.29453125 0.5 0.10546875 0.1078125
13 0.20859375 0.52109375 0.03828125 0.059375
13 0.203125 0.6109375 0.0734375 0.0546875
13 0.49375 0.78828125 0.09609375 0.06171875
13 0.58125 0.92890625 0.05546875 0.04765625
13 0.37421875 0.8890625 0.0625 0.053125
13 0.26171875 0.7828125 0.05078125 0.03125
9 0.09453125 0.64609375 0.0609375 0.0375
10 0.22421875 0.6640625 0.1140625 0.0453125
10 0.28125 0.64296875 0.10078125 0.0265625
2 0.44453125 0.56015625 0.01875 0.01171875
0 0.2453125 0.3453125 0.09609375 0.07890625
10 0.525 0.91328125 0.09765625 0.0609375
10 0.86640625 0.865625 0.03671875 0.0484375
10 0.49140625 0.72734375 0.053125 0.06328125
10 0.5140625 0.85078125 0.10546875 0.078125
10 0.31484375 0.5421875 0.06875 0.06171875
10 0.28828125 0.02890625 0.08203125 0.0578125
2 0.44765625 0.08046875 0.0109375 0.00703125
2 0.53203125 0.56875 0.00859375 0.0046875
2 0.0109375 0.60859375 0.0109375 0.0109375
0 0.65546875 0.88671875 0.1421875 0.15
9 0.74921875 0.30390625 0.0515625 0.0296875
9 0.8078125 0.30703125 0.04765625 0.05390625