6 0.221875 0.0125 0.05546875 0.02421875
13 0.44765625 0.1015625 0.08671875 0.065625
10 0.5703125 0.446875 0.11875 0.03984375
10 0.48359375 0.54375 0.1203125 0.0796875
10 0.50078125 0.5734375 0.0875 0.04453125
9 0.55234375 0.6625 0.08515625 0.04375
3 0.73359375 0.975 0.0734375 0.0421875
9 0.77109375 0.0359375 0.040625 0.01953125
9 0.8375 0.0421875 0.04140625 0.025
9 0.8984375 0.0671875 0.025 0.0375
9 0.97578125 0.11484375 0.034375 0.01640625
2 0.93359375 0.034375 0.02265625 0.0203125
2 0.9609375 0.0171875 0.03671875 0.01875
2 0.9578125 0.03671875 0.02421875 0.01328125
2 0.9921875 0.00703125 0.015625 0.01171875
2 0.73515625 0.08828125 0.0171875 0.009375
2 0.84140625 0.153125 0.01875 0.01171875
12 0.9578125 0.89375 0.05078125 0.04140625