9 0.95 0.065625 0.0734375 0.0328125
9 0.77890625 0.0234375 0.121875 0.04609375
7 0.66796875 0.1671875 0.02578125 0.0203125
7 0.5921875 0.2046875 0.0859375 0.05390625
7 0.64453125 0.23125 0.025 0.02109375
7 0.71875 0.23828125 0.0875 0.0828125
7 0.60078125 0.2953125 0.06015625 0.0296875
7 0.66015625 0.296875 0.04296875 0.046875
7 0.78359375 0.28046875 0.0546875 0.0296875
7 0.740625 0.3078125 0.02265625 0.02109375
7 0.82265625 0.32578125 0.02109375 0.0203125
7 0.27265625 0.18203125 0.02734375 0.015625
7 0.3375 0.190625 0.03203125 0.02109375
7 0.29609375 0.20234375 0.053125 0.02109375
7 0.35625 0.253125 0.084375 0.0359375
7 0.915625 0.3578125 0.07734375 0.0546875
7 0.97734375 0.32421875 0.02734375 0.03671875
7 0.98359375 0.375 0.0328125 0.04921875
7 0.2203125 0.40078125 0.07109375 0.034375
7 0.528125 0.41171875 0.03203125 0.0203125
7 0.95859375 0.584375 0.053125 0.02265625
7 0.934375 0.621875 0.04296875 0.02109375
7 0.84375 0.3515625 0.07265625 0.028125
7 0.9375 0.31484375 0.0515625 0.034375
7 0.4828125 0.21015625 0.02890625 0.02421875
7 0.4953125 0.27890625 0.028125 0.0171875
7 0.028125 0.871875 0.0546875 0.03984375
7 0.14453125 0.25078125 0.03671875 0.02890625
11 0.33984375 0.3125 0.05 0.04453125
3 0.45390625 0.365625 0.02890625 0.0296875
3 0.540625 0.46171875 0.059375 0.040625
3 0.28671875 0.73359375 0.0578125 0.0359375
3 0.60859375 0.825 0.06484375 0.040625
9 0.15 0.96171875 0.02734375 0.03671875
3 0.1234375 0.86875 0.05234375 0.040625
2 0.10703125 0.27265625 0.01171875 0.0078125
8 0.28046875 0.53984375 0.0171875 0.01171875
8 0.28203125 0.528125 0.01328125 0.009375
8 0.26875 0.5359375 0.015625 0.01328125
3 0.8140625 0.05078125 0.040625 0.0390625
8 0.7296875 0.01640625 0.02109375 0.0171875
8 0.70703125 0.0109375 0.01875 0.01484375