10 0.22734375 0.07890625 0.12890625 0.12734375
10 0.278125 0.12578125 0.08671875 0.07109375
10 0.19296875 0.15078125 0.0671875 0.0375
10 0.396875 0.1375 0.1203125 0.0828125
10 0.36640625 0.06171875 0.06875 0.08046875
10 0.43046875 0.05078125 0.1546875 0.1015625
10 0.58984375 0.09296875 0.1625 0.025
10 0.5671875 0.2078125 0.0921875 0.11640625
10 0.5625 0.290625 0.06953125 0.0484375
10 0.9328125 0.13203125 0.13359375 0.0703125
10 0.96171875 0.23515625 0.07578125 0.03984375
9 0.41875 0.35546875 0.10234375 0.05078125
9 0.2296875 0.60859375 0.13125 0.0765625
9 0.12421875 0.67421875 0.1078125 0.06328125
9 0.29609375 0.715625 0.103125 0.075
9 0.28359375 0.63046875 0.0828125 0.05703125
9 0.0625 0.62109375 0.0734375 0.084375
13 0.1921875 0.55703125 0.384375 0.1515625
13 0.13125 0.82578125 0.05859375 0.04296875
10 0.6515625 0.41640625 0.2375 0.12890625
10 0.5875 0.50625 0.140625 0.0765625
10 0.5296875 0.56171875 0.04296875 0.059375
10 0.4203125 0.51171875 0.18671875 0.11015625
10 0.36015625 0.62734375 0.1703125 0.15625
13 0.603125 0.61328125 0.10234375 0.08515625
10 0.484375 0.55546875 0.065625 0.03671875
6 0.890625 0.62421875 0.1140625 0.0890625
6 0.8953125 0.921875 0.13515625 0.09609375
2 0.703125 0.62109375 0.00859375 0.0109375
2 0.80703125 0.59140625 0.00703125 0.01640625
2 0.81796875 0.59375 0.015625 0.00859375
2 0.77265625 0.45078125 0.0140625 0.009375
2 0.7296875 0.38671875 0.01171875 0.009375
2 0.9 0.428125 0.02734375 0.009375
2 0.70390625 0.5921875 0.0125 0.0046875
2 0.74453125 0.6484375 0.0078125 0.00859375
2 0.52890625 0.359375 0.01875 0.01640625
2 0.49453125 0.39140625 0.01328125 0.0125
2 0.51015625 0.3265625 0.01328125 0.00703125
2 0.684375 0.22734375 0.00859375 0.0109375
3 0.309375 0.05546875 0.06796875 0.0453125