10 0.13984375 0.1171875 0.075 0.0453125
10 0.425 0.12265625 0.11875 0.10546875
10 0.25390625 0.0703125 0.15625 0.140625
10 0.36171875 0.03828125 0.11171875 0.0765625
10 0.321875 0.18984375 0.065625 0.0453125
10 0.2546875 0.16484375 0.08359375 0.06953125
10 0.43359375 0.19453125 0.13203125 0.07578125
10 0.52265625 0.2546875 0.12734375 0.04765625
10 0.5375 0.21796875 0.0546875 0.06328125
10 0.3234375 0.2171875 0.04140625 0.0375
10 0.32421875 0.2640625 0.06484375 0.03984375
10 0.415625 0.246875 0.0796875 0.071875
10 0.2296875 0.22421875 0.10625 0.0875
10 0.28515625 0.23671875 0.0640625 0.0640625
10 0.1203125 0.2421875 0.0796875 0.04375
10 0.25390625 0.3078125 0.1015625 0.0765625
10 0.340625 0.3 0.05078125 0.06875
10 0.146875 0.29921875 0.125 0.10703125
10 0.06015625 0.30625 0.1203125 0.09375
10 0.2390625 0.35703125 0.08046875 0.0640625
10 0.29765625 0.4203125 0.1171875 0.07109375
9 0.30859375 0.39140625 0.06953125 0.028125
10 0.390625 0.35078125 0.08125 0.05234375
10 0.1234375 0.54921875 0.053125 0.05546875
10 0.071875 0.6 0.09296875 0.046875
10 0.22734375 0.4796875 0.065625 0.0796875
10 0.2203125 0.559375 0.09375 0.07734375
9 0.196875 0.4515625 0.05390625 0.0546875
9 0.12890625 0.5046875 0.0375 0.03203125
9 0.0234375 0.53828125 0.04609375 0.046875
9 0.06796875 0.66171875 0.04921875 0.01953125
9 0.9484375 0.778125 0.10234375 0.0796875
9 0.66796875 0.8875 0.0890625 0.07734375
9 0.42890625 0.809375 0.12890625 0.053125
9 0.58828125 0.77890625 0.09296875 0.0453125
9 0.4109375 0.7765625 0.05390625 0.01484375
9 0.4109375 0.75390625 0.05078125 0.02265625
3 0.628125 0.55390625 0.0484375 0.04609375
10 0.65546875 0.69453125 0.203125 0.13359375
10 0.5015625 0.7265625 0.115625 0.059375
10 0.43125 0.67578125 0.090625 0.0515625
10 0.4734375 0.67109375 0.0734375 0.0265625
10 0.684375 0.56328125 0.08671875 0.078125
10 0.6671875 0.4421875 0.10703125 0.07265625
10 0.61953125 0.4203125 0.0671875 0.04296875
10 0.59765625 0.4765625 0.10703125 0.06484375
10 0.51171875 0.4640625 0.08828125 0.06484375
10 0.42109375 0.55234375 0.10078125 0.08203125
10 0.42265625 0.29296875 0.06953125 0.0578125
10 0.415625 0.46015625 0.078125 0.0390625
10 0.36328125 0.48984375 0.0484375 0.05390625
10 0.3578125 0.64921875 0.09921875 0.0875
9 0.53984375 0.86796875 0.075 0.034375
10 0.52890625 0.62265625 0.08984375 0.0578125
10 0.30703125 0.53515625 0.11796875 0.09921875
10 0.51171875 0.3921875 0.11640625 0.08046875
7 0.6140625 0.28828125 0.040625 0.03046875
8 0.4671875 0.26171875 0.01171875 0.0078125
8 0.45625 0.26171875 0.0078125 0.0046875
8 0.4671875 0.26875 0.01015625 0.00625
8 0.4625 0.271875 0.009375 0.00625
8 0.4609375 0.26484375 0.0078125 0.00625
4 0.6015625 0.68125 0.01328125 0.0109375
7 0.79609375 0.79296875 0.09453125 0.08203125
10 0.47109375 0.93828125 0.121875 0.03359375
9 0.48984375 0.98046875 0.0890625 0.03828125