3 0.30078125 0.21015625 0.02890625 0.02421875
3 0.27734375 0.27578125 0.0328125 0.01953125
3 0.48046875 0.32421875 0.0578125 0.03671875
1 0.4015625 0.7078125 0.07109375 0.05390625
1 0.31640625 0.78359375 0.08203125 0.059375
9 0.08359375 0.7484375 0.0484375 0.03359375
13 0.76953125 0.840625 0.0578125 0.046875
9 0.2765625 0.8953125 0.021875 0.02734375
9 0.28984375 0.30078125 0.0734375 0.02265625
9 0.278125 0.39453125 0.03046875 0.04375
9 0.31015625 0.45546875 0.10546875 0.0625
13 0.10703125 0.478125 0.13359375 0.1125
11 0.78359375 0.35078125 0.0875 0.05546875
2 0.43671875 0.815625 0.01796875 0.01015625
2 0.49921875 0.80859375 0.01640625 0.01015625
2 0.38203125 0.79609375 0.0171875 0.0125
2 0.55078125 0.69609375 0.01484375 0.00625
9 0.23359375 0.43984375 0.0640625 0.03125
9 0.2453125 0.459375 0.0609375 0.0203125
9 0.28359375 0.4421875 0.0546875 0.059375
9 0.34140625 0.453125 0.02734375 0.03359375
2 0.36640625 0.5015625 0.01328125 0.0125
2 0.36875 0.45234375 0.01640625 0.0078125
2 0.4578125 0.609375 0.00859375 0.0109375