10 0.5359375 0.5140625 0.08125 0.06640625
10 0.52890625 0.5703125 0.084375 0.10234375
10 0.44609375 0.53515625 0.07109375 0.03828125
10 0.41640625 0.58203125 0.08515625 0.065625
3 0.79296875 0.021875 0.03984375 0.03046875
3 0.50859375 0.23046875 0.05390625 0.03515625
3 0.1515625 0.25 0.05078125 0.021875
13 0.58203125 0.38515625 0.025 0.03515625
13 0.85703125 0.4296875 0.04765625 0.03984375
9 0.55703125 0.7 0.08671875 0.08828125
9 0.67421875 0.7421875 0.13984375 0.07421875
9 0.428125 0.65859375 0.165625 0.075
9 0.49375 0.69609375 0.075 0.06953125