3 0.50390625 0.05234375 0.06328125 0.0359375
3 0.60625 0.04765625 0.03828125 0.0484375
3 0.98203125 0.1828125 0.034375 0.02265625
13 0.51328125 0.4328125 0.053125 0.028125
13 0.559375 0.39375 0.11328125 0.03515625
9 0.57109375 0.54375 0.0625 0.09609375
9 0.425 0.50234375 0.103125 0.04921875
9 0.41953125 0.5671875 0.05859375 0.02265625
9 0.50546875 0.60078125 0.06953125 0.09296875
9 0.659375 0.59140625 0.0359375 0.05234375
10 0.309375 0.7046875 0.09453125 0.06640625
13 0.34765625 0.76484375 0.0640625 0.03203125