9 0.8109375 0.746875 0.1015625 0.1015625
10 0.859375 0.69375 0.040625 0.07109375
10 0.865625 0.63515625 0.0515625 0.03984375
10 0.5984375 0.559375 0.065625 0.05625
10 0.5125 0.61875 0.06015625 0.1265625
9 0.4 0.73671875 0.02734375 0.06484375
13 0.34765625 0.39609375 0.02734375 0.0359375
1 0.325 0.4046875 0.02265625 0.040625
2 0.39375 0.3265625 0.015625 0.0203125
2 0.1921875 0.93515625 0.00859375 0.01796875
2 0.21171875 0.97109375 0.00859375 0.0140625
2 0.125 0.96875 0.015625 0.01875
2 0.0765625 0.90234375 0.00625 0.01171875
13 0.725 0.2109375 0.04609375 0.1125
2 0.6359375 0.4328125 0.01015625 0.01953125
2 0.484375 0.4796875 0.0078125 0.01640625
10 0.55703125 0.725 0.04609375 0.059375
10 0.92734375 0.71953125 0.1375 0.153125
2 0.8609375 0.41171875 0.01171875 0.01328125
6 0.95390625 0.15078125 0.06171875 0.1125