11 0.7671875 0.8390625 0.2 0.14375
11 0.6265625 0.840625 0.19765625 0.13984375
3 0.40546875 0.8078125 0.1171875 0.11015625
3 0.15234375 0.70390625 0.0484375 0.03046875
3 0.5234375 0.65625 0.06875 0.053125
3 0.471875 0.6078125 0.0875 0.0578125
9 0.3921875 0.5734375 0.1078125 0.1
9 0.5109375 0.54296875 0.0828125 0.0765625
9 0.47890625 0.4421875 0.06171875 0.0390625
3 0.5859375 0.340625 0.0515625 0.03203125
3 0.146875 0.10390625 0.071875 0.0359375
9 0.43984375 0.109375 0.075 0.065625
9 0.50234375 0.0828125 0.11015625 0.0515625
9 0.49453125 0.1203125 0.04453125 0.04453125
3 0.45 0.903125 0.053125 0.0453125
3 0.940625 0.690625 0.065625 0.0609375