10 0.4953125 0.39140625 0.09140625 0.09375
11 0.24140625 0.54453125 0.103125 0.06171875
12 0.2703125 0.65078125 0.04140625 0.03046875
13 0.32265625 0.828125 0.04296875 0.03359375
13 0.36953125 0.8484375 0.0625 0.03046875
13 0.3484375 0.86796875 0.04140625 0.03046875
3 0.15234375 0.8921875 0.1375 0.0984375
3 0.31328125 0.546875 0.06171875 0.0453125
13 0.7125 0.43203125 0.0703125 0.03671875
3 0.88203125 0.2625 0.0375 0.02890625
3 0.84375 0.21875 0.0515625 0.0375
3 0.78203125 0.23359375 0.0515625 0.0625
13 0.0578125 0.2875 0.08515625 0.0421875
10 0.9578125 0.96328125 0.08359375 0.07265625
13 0.55234375 0.19375 0.04609375 0.0328125
10 0.19453125 0.171875 0.04453125 0.046875
2 0.165625 0.4015625 0.01953125 0.01015625
6 0.334375 0.584375 0.04453125 0.0421875
2 0.3375 0.63671875 0.01015625 0.01015625
3 0.1296875 0.6671875 0.05 0.03828125
3 0.096875 0.6453125 0.04453125 0.02421875
3 0.40625 0.6984375 0.02734375 0.02265625
2 0.5296875 0.8046875 0.009375 0.0125
3 0.68828125 0.03125 0.0453125 0.0359375
10 0.928125 0.559375 0.06640625 0.08515625