10 0.56171875 0.65234375 0.1625 0.07578125
8 0.65703125 0.61875 0.0140625 0.0171875
8 0.67109375 0.6125 0.0171875 0.0171875
8 0.64765625 0.60546875 0.01796875 0.01171875
10 0.921875 0.1046875 0.15625 0.128125
10 0.68671875 0.13203125 0.121875 0.08671875
10 0.89453125 0.42578125 0.10234375 0.07734375
10 0.63515625 0.58984375 0.0875 0.08515625
10 0.95859375 0.63359375 0.0828125 0.06953125
10 0.909375 0.72734375 0.15546875 0.1234375
10 0.65390625 0.49921875 0.08828125 0.08359375
10 0.50703125 0.4375 0.08671875 0.07421875
10 0.23671875 0.62109375 0.15390625 0.06328125
10 0.13515625 0.32890625 0.1015625 0.1046875
10 0.14296875 0.2453125 0.10625 0.0734375
10 0.0703125 0.27734375 0.10546875 0.05703125
10 0.1421875 0.165625 0.18125 0.11796875
10 0.10859375 0.4 0.07109375 0.04140625
10 0.63515625 0.434375 0.08203125 0.04765625
10 0.6671875 0.2796875 0.0953125 0.109375
10 0.534375 0.5796875 0.09140625 0.08359375
2 0.6171875 0.4890625 0.00625 0.00625
2 0.18125 0.5203125 0.00703125 0.00703125