6 0.54609375 0.0921875 0.0359375 0.0265625
6 0.5296875 0.11640625 0.02734375 0.02265625
6 0.58515625 0.18828125 0.03828125 0.02578125
6 0.39609375 0.21640625 0.0453125 0.03125
6 0.48203125 0.24765625 0.0390625 0.01875
6 0.54296875 0.321875 0.02890625 0.02265625
6 0.421875 0.2984375 0.04140625 0.03984375
6 0.4296875 0.3453125 0.03828125 0.034375
6 0.37421875 0.321875 0.0328125 0.034375
6 0.328125 0.35625 0.05 0.0328125
6 0.19453125 0.37109375 0.03515625 0.025
6 0.45 0.41875 0.0484375 0.0421875
6 0.6671875 0.4671875 0.04765625 0.0328125
6 0.59296875 0.4421875 0.02734375 0.021875
6 0.871875 0.465625 0.06328125 0.0515625
6 0.3015625 0.91015625 0.084375 0.040625
6 0.08984375 0.74609375 0.046875 0.03984375
6 0.53984375 0.06796875 0.0265625 0.01875
2 0.13125 0.04296875 0.02421875 0.015625
2 0.17265625 0.13515625 0.025 0.01953125
9 0.9015625 0.09140625 0.0640625 0.04765625
9 0.7984375 0.46171875 0.04296875 0.04453125
9 0.39765625 0.4203125 0.0875 0.08828125
9 0.55625 0.50859375 0.06015625 0.06953125
9 0.65859375 0.93828125 0.03515625 0.04375
9 0.71484375 0.93046875 0.0265625 0.040625
9 0.74375 0.8109375 0.04296875 0.03359375
6 0.5890625 0.71875 0.0359375 0.0265625
11 0.43203125 0.615625 0.04765625 0.04140625
11 0.0875 0.41875 0.0546875 0.0359375
2 0.171875 0.10859375 0.01640625 0.009375
2 0.1046875 0.14296875 0.015625 0.009375
2 0.55625 0.36796875 0.01015625 0.00546875
2 0.540625 0.4359375 0.0140625 0.009375
2 0.3828125 0.5078125 0.01640625 0.0125
6 0.67578125 0.11875 0.02734375 0.01953125
6 0.56953125 0.10625 0.028125 0.0203125
11 0.62890625 0.521875 0.05625 0.04609375
6 0.97265625 0.45078125 0.0546875 0.0546875