11 0.45078125 0.51953125 0.078125 0.08203125
11 0.5140625 0.48671875 0.04921875 0.0453125
11 0.5109375 0.52421875 0.05234375 0.04453125
9 0.05078125 0.18984375 0.05703125 0.03984375
9 0.4359375 0.2171875 0.05 0.034375
9 0.45625 0.353125 0.08828125 0.0421875
11 0.1 0.50859375 0.06484375 0.059375
6 0.290625 0.4265625 0.128125 0.0828125
13 0.14765625 0.4375 0.059375 0.0453125
9 0.271875 0.453125 0.03828125 0.021875
9 0.86953125 0.44765625 0.046875 0.0703125
9 0.5796875 0.50625 0.040625 0.03125
10 0.6765625 0.653125 0.059375 0.0296875
10 0.46796875 0.6953125 0.0671875 0.0375
11 0.228125 0.8390625 0.03671875 0.04765625
2 0.17734375 0.1140625 0.0078125 0.00390625
2 0.16953125 0.20390625 0.01484375 0.01171875
6 0.48046875 0.20859375 0.0296875 0.02578125
2 0.28828125 0.33984375 0.0078125 0.0125
6 0.36171875 0.3171875 0.078125 0.05703125
2 0.47421875 0.4609375 0.0203125 0.01328125
2 0.85390625 0.37890625 0.01640625 0.01328125
2 0.759375 0.36328125 0.01875 0.0171875