3 0.9578125 0.31484375 0.0671875 0.06484375
10 0.559375 0.44921875 0.1265625 0.06640625
10 0.603125 0.5078125 0.23203125 0.084375
10 0.43125 0.56171875 0.13828125 0.09453125
10 0.65390625 0.4390625 0.06015625 0.0796875
3 0.36953125 0.6984375 0.06171875 0.03046875
13 0.221875 0.5515625 0.109375 0.04296875
9 0.76640625 0.88984375 0.05078125 0.03046875
3 0.72421875 0.4328125 0.07578125 0.053125
3 0.1609375 0.0125 0.06484375 0.02265625
9 0.52421875 0.10078125 0.09375 0.0609375
3 0.025 0.24375 0.05 0.02890625
3 0.22421875 0.4375 0.0484375 0.04375
2 0.1859375 0.81953125 0.021875 0.021875
3 0.84921875 0.6375 0.15078125 0.07578125