13 0.49375 0.07578125 0.09921875 0.03515625
3 0.68984375 0.215625 0.04765625 0.0265625
3 0.20625 0.3296875 0.04921875 0.04921875
3 0.51328125 0.71015625 0.05078125 0.03125
13 0.46328125 0.8046875 0.034375 0.03203125
3 0.1875 0.5984375 0.07265625 0.0421875
3 0.29296875 0.546875 0.0546875 0.0453125
6 0.2828125 0.7828125 0.0640625 0.03203125
4 0.6078125 0.5234375 0.0203125 0.01484375
4 0.66796875 0.49375 0.01328125 0.0140625
13 0.2109375 0.2140625 0.06171875 0.07734375
2 0.215625 0.271875 0.009375 0.00625
2 0.20234375 0.284375 0.0109375 0.00390625
2 0.40234375 0.39765625 0.00703125 0.0078125
2 0.4203125 0.40234375 0.00625 0.0078125
2 0.39921875 0.40859375 0.01015625 0.0078125
4 0.678125 0.51015625 0.0171875 0.01484375
4 0.65546875 0.51796875 0.0203125 0.01796875
4 0.6703125 0.54375 0.0171875 0.0109375
4 0.64453125 0.5375 0.0171875 0.01171875
4 0.6296875 0.53515625 0.01484375 0.0125
4 0.6171875 0.51328125 0.01953125 0.01328125
7 0.5 0.5515625 0.0125 0.01015625
9 0.66796875 0.3625 0.0203125 0.0203125