13 0.0546875 0.25625 0.03046875 0.04921875
13 0.759375 0.53515625 0.08125 0.134375
5 0.88359375 0.128125 0.2328125 0.24453125
3 0.5921875 0.81875 0.18828125 0.2109375
12 0.5625 0.678125 0.09375 0.08828125
3 0.446875 0.5796875 0.04296875 0.08125
13 0.2578125 0.78203125 0.08671875 0.06171875
9 0.37109375 0.85859375 0.09453125 0.08046875
9 0.45390625 0.65390625 0.040625 0.03828125
9 0.84609375 0.92265625 0.109375 0.09609375
13 0.71875 0.97734375 0.0640625 0.04140625
13 0.88046875 0.8671875 0.04296875 0.084375
13 0.8390625 0.75625 0.0359375 0.0578125
13 0.60546875 0.31171875 0.07578125 0.11796875
13 0.71953125 0.2890625 0.1125 0.13046875
13 0.73125 0.0375 0.1453125 0.075
13 0.721875 0.19453125 0.0515625 0.0453125
13 0.7 0.4140625 0.07890625 0.12265625
9 0.40703125 0.6921875 0.0625 0.02109375
9 0.8171875 0.646875 0.0640625 0.0671875
9 0.85234375 0.6234375 0.03515625 0.02734375
9 0.89296875 0.6546875 0.06484375 0.053125
9 0.95390625 0.53203125 0.09140625 0.090625
9 0.92734375 0.53828125 0.05703125 0.06015625
13 0.721875 0.77578125 0.059375 0.05390625
13 0.7984375 0.96953125 0.08125 0.0609375
13 0.7734375 0.7046875 0.040625 0.040625
11 0.5015625 0.8234375 0.16640625 0.215625
9 0.43671875 0.95078125 0.03515625 0.09765625
6 0.53203125 0.3875 0.0765625 0.06171875
9 0.4390625 0.31640625 0.0546875 0.04609375
13 0.3671875 0.03984375 0.02578125 0.04375
6 0.5921875 0.528125 0.04296875 0.05546875
13 0.4828125 0.475 0.02890625 0.03515625
13 0.7140625 0.53984375 0.01640625 0.0578125
6 0.33671875 0.89609375 0.13203125 0.2078125
6 0.178125 0.8 0.09375 0.10390625
6 0.73125 0.8609375 0.0796875 0.14375
6 0.58984375 0.95859375 0.1453125 0.0828125
6 0.484375 0.36328125 0.05546875 0.15546875