9 0.159375 0.07421875 0.0640625 0.0390625
3 0.72421875 0.228125 0.0578125 0.05
9 0.3390625 0.38984375 0.0171875 0.040625
9 0.29921875 0.421875 0.05625 0.0515625
3 0.225 0.53203125 0.046875 0.02734375
9 0.53828125 0.509375 0.10234375 0.05078125
9 0.565625 0.5640625 0.1234375 0.0703125
9 0.3625 0.5453125 0.090625 0.0671875
9 0.328125 0.5859375 0.11171875 0.03203125
9 0.43515625 0.559375 0.08203125 0.03203125
9 0.4796875 0.55 0.065625 0.05390625
9 0.44609375 0.53359375 0.0734375 0.0390625
9 0.40546875 0.5921875 0.05078125 0.03046875
9 0.86875 0.33359375 0.10546875 0.0265625
10 0.91015625 0.39296875 0.07265625 0.0453125
13 0.70234375 0.38984375 0.06484375 0.0421875
9 0.68046875 0.40234375 0.0578125 0.0671875
9 0.8125 0.4671875 0.021875 0.0515625
9 0.92421875 0.5140625 0.0265625 0.0390625
9 0.66875 0.575 0.071875 0.090625
9 0.946875 0.5953125 0.10546875 0.05546875
9 0.9484375 0.78125 0.103125 0.0625
11 0.7109375 0.70859375 0.121875 0.08671875
10 0.8375 0.68828125 0.14453125 0.05625