6 0.1609375 0.1453125 0.08984375 0.06875
6 0.4671875 0.06953125 0.040625 0.03203125
6 0.0515625 0.46875 0.04609375 0.02421875
6 0.15234375 0.5796875 0.1046875 0.059375
6 0.1 0.609375 0.084375 0.06640625
13 0.49375 0.66640625 0.04609375 0.0296875
3 0.40703125 0.7265625 0.0734375 0.05078125
10 0.4671875 0.59375 0.1609375 0.08515625
9 0.503125 0.446875 0.0890625 0.11484375
2 0.7125 0.9375 0.03359375 0.01484375
13 0.6484375 0.79609375 0.090625 0.06171875
13 0.6625 0.7390625 0.0515625 0.0265625
10 0.58671875 0.59140625 0.0640625 0.046875
9 0.57421875 0.54765625 0.1234375 0.07265625
9 0.7859375 0.49375 0.0765625 0.0703125
9 0.80546875 0.384375 0.14375 0.10859375
9 0.784375 0.4296875 0.08203125 0.05625
9 0.6109375 0.6421875 0.03671875 0.0640625
9 0.61328125 0.49296875 0.13125 0.0484375
9 0.67734375 0.28125 0.06328125 0.0546875
13 0.74453125 0.0328125 0.04765625 0.0390625
6 0.796875 0.134375 0.08125 0.06796875