3 0.06796875 0.12734375 0.06015625 0.05
12 0.43671875 0.15625 0.08515625 0.071875
13 0.7328125 0.24765625 0.13828125 0.090625
6 0.0359375 0.2203125 0.071875 0.053125
12 0.534375 0.2671875 0.034375 0.03984375
3 0.49140625 0.32890625 0.0703125 0.04453125
13 0.1703125 0.39296875 0.08984375 0.08125
13 0.06640625 0.53984375 0.08515625 0.06640625
10 0.39765625 0.3421875 0.1671875 0.15
10 0.321875 0.4296875 0.07578125 0.0515625
10 0.421875 0.4296875 0.090625 0.0546875
10 0.534375 0.365625 0.0828125 0.10078125
10 0.54453125 0.45625 0.14140625 0.11484375
10 0.6234375 0.35625 0.134375 0.1390625
10 0.7125 0.60078125 0.06875 0.0984375
10 0.66953125 0.6953125 0.06875 0.06640625
10 0.73125 0.671875 0.075 0.0390625
9 0.471875 0.80625 0.13515625 0.121875
10 0.70078125 0.85 0.284375 0.09921875
10 0.81640625 0.7875 0.134375 0.07734375
10 0.6 0.95078125 0.16953125 0.06015625
10 0.43125 0.93046875 0.221875 0.1359375
13 0.096875 0.89453125 0.19375 0.14453125
13 0.27734375 0.89453125 0.190625 0.078125
9 0.18671875 0.9765625 0.1171875 0.04609375