10 0.45859375 0.43828125 0.1375 0.18828125
10 0.42734375 0.54140625 0.13359375 0.07109375
10 0.39453125 0.1953125 0.07890625 0.0640625
9 0.58203125 0.5578125 0.11171875 0.07734375
6 0.590625 0.49140625 0.0578125 0.0453125
6 0.5875 0.171875 0.09453125 0.06171875
13 0.2921875 0.09453125 0.059375 0.05
6 0.2828125 0.78359375 0.06953125 0.06875
9 0.80234375 0.51953125 0.0953125 0.05625
6 0.74765625 0.21171875 0.084375 0.06796875
13 0.73984375 0.27265625 0.14765625 0.09375
13 0.9125 0.27578125 0.175 0.11171875
9 0.6578125 0.3171875 0.03125 0.0578125
9 0.0734375 0.92578125 0.06875 0.03828125
2 0.60390625 0.528125 0.00859375 0.00546875
2 0.75703125 0.0390625 0.0140625 0.01328125