9 0.25546875 0.0171875 0.04609375 0.034375
9 0.30859375 0.0328125 0.04375 0.0453125
9 0.50703125 0.3890625 0.04609375 0.08203125
9 0.459375 0.44296875 0.025 0.10546875
6 0.37890625 0.33515625 0.034375 0.05078125
5 0.27421875 0.28984375 0.159375 0.25703125
13 0.43125 0.08671875 0.146875 0.1734375
13 0.2203125 0.125 0.29453125 0.24921875
13 0.1453125 0.4546875 0.16015625 0.1703125
6 0.02421875 0.4828125 0.0484375 0.0625
13 0.3890625 0.28046875 0.06484375 0.08046875
13 0.44375 0.3546875 0.03984375 0.090625
12 0.0359375 0.75078125 0.071875 0.08984375
13 0.1328125 0.8625 0.0453125 0.04453125
13 0.23984375 0.92109375 0.0828125 0.1578125
9 0.30703125 0.80703125 0.028125 0.08828125
9 0.19765625 0.76171875 0.071875 0.0578125
9 0.31484375 0.6828125 0.07109375 0.13203125
9 0.25078125 0.74921875 0.06328125 0.03203125
9 0.26875 0.7828125 0.03046875 0.06015625
13 0.92109375 0.2015625 0.1578125 0.403125
13 0.48203125 0.29765625 0.04921875 0.04375
13 0.709375 0.43515625 0.04375 0.0515625
13 0.83671875 0.815625 0.12265625 0.15078125
12 0.7109375 0.92421875 0.05390625 0.08359375
3 0.60078125 0.928125 0.05625 0.06015625
9 0.64609375 0.6703125 0.0796875 0.12265625
9 0.584375 0.603125 0.1125 0.0921875
13 0.88046875 0.65625 0.03984375 0.05625
9 0.615625 0.55625 0.05234375 0.14453125
9 0.5453125 0.40546875 0.07890625 0.11953125
9 0.6046875 0.44609375 0.0578125 0.12109375
9 0.5375 0.540625 0.0765625 0.0703125