13 0.20078125 0.0984375 0.2140625 0.1265625
13 0.1578125 0.22265625 0.2015625 0.08125
13 0.246875 0.32265625 0.140625 0.12265625
13 0.53828125 0.3640625 0.25546875 0.22109375
13 0.62109375 0.81171875 0.40234375 0.2703125
12 0.3859375 0.90390625 0.0953125 0.06015625
3 0.71171875 0.615625 0.05234375 0.05859375
13 0.603125 0.59765625 0.07734375 0.03203125
9 0.3078125 0.528125 0.0828125 0.0453125
13 0.12890625 0.7328125 0.0828125 0.059375
13 0.79453125 0.50625 0.05546875 0.04375
9 0.88125 0.525 0.05703125 0.065625
3 0.0453125 0.284375 0.090625 0.06640625
6 0.0640625 0.13671875 0.08203125 0.078125
12 0.11171875 0.30625 0.0421875 0.02890625
9 0.36484375 0.534375 0.04375 0.0515625
9 0.27265625 0.55703125 0.05078125 0.05
9 0.33671875 0.4875 0.0515625 0.025
9 0.21171875 0.58359375 0.06484375 0.02578125
9 0.20546875 0.49453125 0.06875 0.0265625
9 0.178125 0.43828125 0.03984375 0.04609375
5 0.365625 0.37109375 0.1078125 0.09296875
0 0.69609375 0.31171875 0.0765625 0.0734375
2 0.921875 0.8109375 0.01484375 0.01171875
2 0.74296875 0.96640625 0.01953125 0.01640625
12 0.38359375 0.83984375 0.04375 0.02421875