9 0.5171875 0.0609375 0.046875 0.02421875
9 0.834375 0.140625 0.0296875 0.065625
9 0.67109375 0.53515625 0.0578125 0.04765625
9 0.49609375 0.51328125 0.02578125 0.040625
9 0.94140625 0.5109375 0.0421875 0.03359375
9 0.8609375 0.61640625 0.04375 0.028125
10 0.53046875 0.7234375 0.04296875 0.0328125
10 0.57265625 0.8109375 0.096875 0.07109375
11 0.3578125 0.1109375 0.07734375 0.07890625
3 0.31328125 0.1625 0.078125 0.0484375
11 0.2234375 0.284375 0.034375 0.0390625
9 0.4765625 0.41015625 0.02890625 0.02734375
11 0.18671875 0.7078125 0.0546875 0.0390625
12 0.85078125 0.56328125 0.03984375 0.03515625
7 0.8796875 0.52734375 0.0375 0.0203125