5 0.50078125 0.10078125 0.0703125 0.0578125
11 0.97265625 0.1421875 0.0546875 0.07109375
9 0.27578125 0.23046875 0.1046875 0.0546875
9 0.9640625 0.51171875 0.071875 0.0734375
9 0.85390625 0.828125 0.028125 0.06796875
9 0.77890625 0.8875 0.0453125 0.0484375
9 0.5375 0.86640625 0.090625 0.05546875
13 0.82421875 0.68046875 0.18984375 0.1453125
13 0.92578125 0.825 0.13515625 0.140625
12 0.45703125 0.45625 0.08984375 0.05234375
9 0.978125 0.28359375 0.04375 0.06015625
6 0.11328125 0.01328125 0.040625 0.0265625
6 0.12109375 0.40625 0.0453125 0.03125
2 0.20546875 0.4453125 0.0171875 0.00703125
11 0.08984375 0.4 0.0265625 0.0203125
9 0.33828125 0.69140625 0.06171875 0.040625
9 0.29140625 0.69453125 0.0671875 0.06484375
12 0.5265625 0.2328125 0.07109375 0.05
12 0.559375 0.27109375 0.03828125 0.0328125
12 0.5921875 0.23203125 0.03671875 0.03671875
12 0.5 0.1578125 0.0359375 0.02578125
9 0.378125 0.1984375 0.065625 0.0171875
9 0.41484375 0.24921875 0.075 0.03984375
9 0.40234375 0.28203125 0.05234375 0.05
9 0.57734375 0.42734375 0.03203125 0.0375
12 0.7359375 0.125 0.0328125 0.01640625
0 0.76640625 0.140625 0.04140625 0.028125
12 0.68984375 0.209375 0.03515625 0.03125
12 0.659375 0.2328125 0.078125 0.03984375
9 0.66484375 0.27109375 0.0671875 0.04296875
9 0.66171875 0.35390625 0.04921875 0.02265625
9 0.634375 0.325 0.0375 0.0375
9 0.528125 0.3359375 0.07734375 0.07890625
9 0.49453125 0.3140625 0.0609375 0.0375
9 0.59453125 0.34296875 0.05234375 0.0609375
9 0.634375 0.45625 0.04140625 0.03125
9 0.6015625 0.47578125 0.028125 0.02421875
2 0.640625 0.6578125 0.00546875 0.00703125
2 0.7078125 0.6328125 0.00546875 0.00625
2 0.73515625 0.6515625 0.0078125 0.0078125
12 0.77109375 0.29609375 0.0265625 0.01640625
2 0.80234375 0.33828125 0.009375 0.00625
1 0.725 0.94296875 0.065625 0.06640625
2 0.9171875 0.58671875 0.0078125 0.00625
9 0.9140625 0.35390625 0.04609375 0.046875
9 0.9625 0.40234375 0.07421875 0.040625
9 0.984375 0.38046875 0.025 0.05625
9 0.96796875 0.28515625 0.0640625 0.01953125
12 0.88828125 0.09609375 0.04921875 0.02109375