6 0.1453125 0.03125 0.06953125 0.05703125
6 0.14921875 0.09765625 0.06953125 0.05390625
6 0.284375 0.1203125 0.1328125 0.0953125
6 0.0421875 0.09453125 0.084375 0.0609375
13 0.0421875 0.1375 0.08359375 0.0546875
13 0.05546875 0.23359375 0.06015625 0.05234375
12 0.203125 0.16015625 0.05078125 0.03359375
13 0.03984375 0.340625 0.0796875 0.0796875
9 0.27109375 0.3828125 0.0828125 0.07578125
9 0.028125 0.49453125 0.04375 0.07890625
9 0.48125 0.5390625 0.06328125 0.03203125
9 0.3859375 0.940625 0.07578125 0.0546875
9 0.32421875 0.89765625 0.1171875 0.05703125
13 0.23828125 0.76953125 0.06171875 0.0515625
9 0.22578125 0.73828125 0.0828125 0.06328125
10 0.76015625 0.828125 0.1359375 0.03203125
6 0.85 0.7296875 0.065625 0.040625
3 0.68359375 0.73203125 0.059375 0.04609375
13 0.7859375 0.75625 0.109375 0.0609375
6 0.90078125 0.54453125 0.0765625 0.05234375
10 0.38046875 0.5640625 0.121875 0.09609375
10 0.31484375 0.603125 0.1328125 0.07734375