3 0.39765625 0.0828125 0.05234375 0.0328125
3 0.36171875 0.1390625 0.0546875 0.028125
3 0.446875 0.15859375 0.059375 0.03046875
11 0.62734375 0.02734375 0.10625 0.0546875
3 0.578125 0.103125 0.04609375 0.028125
10 0.49375 0.3859375 0.0984375 0.1296875
10 0.509375 0.55625 0.11015625 0.0984375
10 0.60390625 0.50859375 0.1125 0.0703125
10 0.50625 0.471875 0.0671875 0.04453125
10 0.5546875 0.45078125 0.1125 0.07890625
10 0.38125 0.503125 0.09765625 0.05234375
3 0.0640625 0.8046875 0.128125 0.09453125
11 0.6203125 0.64609375 0.10546875 0.07890625
3 0.65390625 0.63359375 0.02890625 0.03203125
11 0.7609375 0.03203125 0.07421875 0.046875
11 0.8453125 0.03984375 0.08515625 0.07890625
2 0.08671875 0.96328125 0.015625 0.01953125
2 0.29140625 0.29921875 0.01171875 0.0140625