9 0.24609375 0.0375 0.0421875 0.03125
11 0.7328125 0.25546875 0.07421875 0.0578125
9 0.78984375 0.190625 0.06171875 0.02578125
3 0.78828125 0.22109375 0.07265625 0.03828125
3 0.6984375 0.234375 0.05625 0.04375
13 0.35390625 0.25859375 0.08671875 0.0703125
13 0.34609375 0.32734375 0.11640625 0.06015625
13 0.7140625 0.43203125 0.096875 0.05546875
13 0.82890625 0.95546875 0.065625 0.06796875
11 0.0375 0.41171875 0.07421875 0.0453125
13 0.3015625 0.8921875 0.06171875 0.03984375
3 0.33203125 0.7828125 0.04609375 0.03359375
12 0.45703125 0.57734375 0.0921875 0.0703125
9 0.87890625 0.2890625 0.0546875 0.07734375
11 0.62109375 0.0546875 0.04765625 0.03984375
9 0.334375 0.0890625 0.03515625 0.01796875
12 0.23984375 0.12734375 0.05625 0.0203125
9 0.28984375 0.059375 0.03359375 0.0203125
9 0.52421875 0.1453125 0.0203125 0.04140625
9 0.584375 0.16015625 0.05546875 0.01953125
9 0.52109375 0.1984375 0.03203125 0.01796875
9 0.38671875 0.10859375 0.025 0.02109375
6 0.6234375 0.2125 0.05234375 0.02890625
9 0.59296875 0.1109375 0.0421875 0.02109375
9 0.67734375 0.121875 0.02109375 0.02578125
9 0.846875 0.1328125 0.03671875 0.021875
13 0.5453125 0.4234375 0.034375 0.03125
3 0.37890625 0.4171875 0.03828125 0.0265625