3 0.0578125 0.840625 0.0359375 0.03046875
7 0.096875 0.82421875 0.028125 0.02421875
7 0.34609375 0.79765625 0.06171875 0.0296875
7 0.28359375 0.84140625 0.06640625 0.0484375
7 0.31640625 0.91015625 0.028125 0.02109375
7 0.2375 0.75703125 0.04765625 0.04375
4 0.26171875 0.71640625 0.028125 0.021875
3 0.94765625 0.5453125 0.02890625 0.02265625
7 0.553125 0.7703125 0.0359375 0.0328125
7 0.0296875 0.775 0.059375 0.065625
7 0.62734375 0.6328125 0.06640625 0.021875
0 0.4765625 0.5734375 0.18125 0.17734375
0 0.34296875 0.71015625 0.18046875 0.1546875
0 0.53359375 0.37109375 0.1453125 0.234375
0 0.58828125 0.1875 0.3203125 0.29609375
0 0.1265625 0.59453125 0.253125 0.1859375
0 0.05859375 0.16875 0.11640625 0.3375
0 0.09609375 0.4265625 0.1921875 0.15390625
0 0.528125 0.79453125 0.12734375 0.2125
0 0.4609375 0.96875 0.1125 0.0625
0 0.1484375 0.95859375 0.059375 0.0484375
3 0.22265625 0.97109375 0.04765625 0.0328125
7 0.1484375 0.8078125 0.0515625 0.04765625
3 0.8328125 0.41640625 0.034375 0.0203125
8 0.9140625 0.484375 0.0203125 0.0125
8 0.8875 0.47890625 0.0296875 0.0203125
8 0.87109375 0.48359375 0.01796875 0.01484375
8 0.703125 0.45078125 0.01875 0.01328125
8 0.70703125 0.4625 0.02421875 0.01640625
8 0.73671875 0.47421875 0.025 0.009375
8 0.7375 0.48203125 0.021875 0.01328125
8 0.7171875 0.4796875 0.01796875 0.01171875
9 0.76640625 0.5328125 0.1265625 0.06796875
2 0.76953125 0.96015625 0.0109375 0.01953125