9 0.20703125 0.4015625 0.0375 0.04140625
9 0.19921875 0.50625 0.09140625 0.04453125
3 0.23046875 0.834375 0.13359375 0.08984375
3 0.0765625 0.9328125 0.09609375 0.0921875
9 0.53828125 0.2578125 0.06953125 0.03984375
2 0.55859375 0.70078125 0.0109375 0.0078125
9 0.4234375 0.92265625 0.07734375 0.09765625
12 0.96796875 0.5640625 0.0640625 0.0515625
13 0.6140625 0.68203125 0.02265625 0.0359375
9 0.68046875 0.7515625 0.09609375 0.0875
3 0.8125 0.784375 0.07890625 0.04765625
9 0.33359375 0.50546875 0.06015625 0.01015625
9 0.4625 0.56015625 0.07890625 0.0234375
9 0.56875 0.53359375 0.12421875 0.03203125
9 0.36640625 0.55625 0.06875 0.03046875
9 0.2625 0.571875 0.03359375 0.04609375
9 0.40859375 0.50859375 0.04140625 0.03359375
9 0.3875 0.6125 0.05859375 0.0609375
9 0.04921875 0.6828125 0.0984375 0.03203125
9 0.21640625 0.7546875 0.06640625 0.06875
3 0.346875 0.87265625 0.02265625 0.02421875
12 0.8859375 0.52890625 0.03515625 0.0390625