10 0.67265625 0.54375 0.140625 0.0640625
9 0.9625 0.0765625 0.075 0.10625
9 0.22890625 0.2015625 0.09375 0.07421875
9 0.66875 0.309375 0.0828125 0.075
9 0.24921875 0.303125 0.07109375 0.06640625
9 0.61015625 0.2703125 0.14375 0.021875
6 0.76796875 0.23046875 0.1828125 0.08125
9 0.09375 0.2984375 0.05 0.04375
9 0.05859375 0.303125 0.07265625 0.07578125
13 0.5859375 0.3234375 0.05625 0.03203125
13 0.53515625 0.3421875 0.078125 0.04140625
13 0.9125 0.30625 0.10078125 0.0546875
13 0.284375 0.17578125 0.059375 0.03359375
9 0.4453125 0.27109375 0.0796875 0.021875
6 0.934375 0.475 0.13125 0.1546875
13 0.68046875 0.48515625 0.0703125 0.059375
13 0.78359375 0.6703125 0.22109375 0.18828125
13 0.96328125 0.6609375 0.07265625 0.07890625
13 0.51640625 0.7984375 0.0453125 0.04765625
9 0.61171875 0.86484375 0.175 0.075
9 0.82578125 0.89296875 0.06015625 0.0703125
11 0.63203125 0.9140625 0.07265625 0.0546875
13 0.5171875 0.975 0.1890625 0.046875
13 0.0796875 0.63828125 0.12578125 0.0625
6 0.678125 0.0640625 0.0671875 0.1125