10 0.17265625 0.11796875 0.13828125 0.03984375
10 0.38828125 0.20078125 0.04921875 0.0875
10 0.5140625 0.2734375 0.121875 0.02734375
10 0.49765625 0.371875 0.09921875 0.125
10 0.40546875 0.49140625 0.146875 0.06015625
10 0.53671875 0.453125 0.12734375 0.05078125
10 0.39765625 0.55546875 0.06171875 0.06640625
9 0.88046875 0.8046875 0.01875 0.04765625
9 0.34609375 0.60859375 0.0328125 0.0296875
6 0.79140625 0.45234375 0.071875 0.04609375
13 0.084375 0.9671875 0.05234375 0.0375
13 0.1625 0.57734375 0.1953125 0.07265625
13 0.31171875 0.49453125 0.0640625 0.04921875
13 0.4 0.596875 0.05703125 0.05546875
13 0.5796875 0.5015625 0.0875 0.05546875
3 0.92421875 0.25625 0.04609375 0.03125
9 0.29453125 0.375 0.0296875 0.04375
9 0.09609375 0.69375 0.15390625 0.02578125
10 0.13359375 0.14375 0.053125 0.06640625
10 0.190625 0.1890625 0.06953125 0.078125
10 0.078125 0.221875 0.0921875 0.04609375
10 0.0328125 0.21484375 0.06484375 0.09765625
13 0.25234375 0.53984375 0.040625 0.0515625
9 0.075 0.678125 0.11015625 0.04296875
9 0.1859375 0.6828125 0.05859375 0.040625
2 0.2625 0.93828125 0.0078125 0.00859375
2 0.2671875 0.91953125 0.01953125 0.01171875
9 0.3796875 0.646875 0.059375 0.03203125
9 0.228125 0.61328125 0.09296875 0.053125
11 0.90390625 0.0265625 0.0703125 0.0375
2 0.5828125 0.47109375 0.01796875 0.0109375
2 0.853125 0.571875 0.01796875 0.01328125