3 0.28046875 0.209375 0.04453125 0.03046875
11 0.85390625 0.30625 0.06875 0.0359375
11 0.7421875 0.18046875 0.05625 0.0453125
11 0.96328125 0.390625 0.03984375 0.028125
11 0.29140625 0.3484375 0.11328125 0.08515625
11 0.4625 0.70703125 0.146875 0.1296875
11 0.303125 0.63671875 0.1375 0.071875
10 0.33359375 0.046875 0.2546875 0.09375
3 0.6703125 0.765625 0.0453125 0.05078125
4 0.621875 0.77421875 0.028125 0.025
3 0.88125 0.81875 0.0515625 0.0640625
3 0.0890625 0.66875 0.0390625 0.03828125
3 0.57421875 0.7625 0.0546875 0.04375
7 0.715625 0.72109375 0.16640625 0.09296875
7 0.5515625 0.6765625 0.09453125 0.0421875
7 0.5125 0.77890625 0.08515625 0.0453125
7 0.959375 0.87734375 0.08125 0.0640625
7 0.97421875 0.95546875 0.0515625 0.071875
7 0.8453125 0.89140625 0.109375 0.0625
7 0.825 0.7859375 0.0703125 0.10859375
7 0.7125 0.859375 0.03359375 0.02734375
7 0.73671875 0.87890625 0.03828125 0.0375
7 0.74375 0.91953125 0.0265625 0.0375
7 0.5140625 0.96015625 0.1109375 0.0796875
3 0.30703125 0.890625 0.075 0.046875
3 0.59765625 0.4109375 0.07265625 0.0421875
3 0.95234375 0.11796875 0.046875 0.0453125
3 0.22890625 0.484375 0.07265625 0.0515625
3 0.14453125 0.51484375 0.059375 0.0625
7 0.459375 0.809375 0.0421875 0.034375
0 0.08828125 0.2609375 0.1765625 0.17421875
0 0.071875 0.08359375 0.14375 0.16640625
11 0.615625 0.79765625 0.05859375 0.0671875
4 0.65078125 0.79453125 0.0296875 0.021875
4 0.6125 0.728125 0.0296875 0.0203125
4 0.63984375 0.73828125 0.0296875 0.02265625
4 0.6671875 0.7296875 0.03828125 0.0234375
9 0.74140625 0.903125 0.1171875 0.13125
9 0.71171875 0.8203125 0.075 0.0515625
9 0.71015625 0.77578125 0.0296875 0.07578125
9 0.72109375 0.6921875 0.0671875 0.08828125
9 0.81171875 0.64453125 0.08515625 0.04609375
9 0.9390625 0.66796875 0.11796875 0.0453125
9 0.9484375 0.81015625 0.08203125 0.05859375
9 0.9140625 0.74609375 0.02734375 0.071875
9 0.8375 0.71015625 0.09140625 0.028125
9 0.846875 0.6921875 0.11015625 0.05703125
9 0.8796875 0.7421875 0.0671875 0.04296875