3 0.8046875 0.025 0.04765625 0.034375
3 0.96328125 0.0125 0.02890625 0.02265625
11 0.77578125 0.0859375 0.0375 0.03125
11 0.24296875 0.0671875 0.05390625 0.0375
3 0.93203125 0.2671875 0.03046875 0.02890625
3 0.4265625 0.3171875 0.03671875 0.04296875
3 0.56875 0.32109375 0.06796875 0.04921875
3 0.8328125 0.340625 0.06328125 0.046875
3 0.51015625 0.3875 0.0546875 0.03125
3 0.32734375 0.446875 0.078125 0.053125
3 0.5609375 0.4828125 0.07109375 0.04921875
3 0.1015625 0.41484375 0.040625 0.0390625
3 0.13203125 0.30625 0.03515625 0.02421875
3 0.25 0.49375 0.05859375 0.02734375
3 0.79765625 0.92421875 0.06640625 0.046875
13 0.08984375 0.5703125 0.04453125 0.028125
13 0.30390625 0.0109375 0.03359375 0.021875
3 0.29375 0.065625 0.0375 0.025
13 0.0578125 0.4421875 0.06171875 0.03984375
3 0.81796875 0.81015625 0.0796875 0.046875
9 0.578125 0.25625 0.02265625 0.02421875
9 0.553125 0.24765625 0.02109375 0.034375
3 0.8703125 0.17109375 0.05234375 0.03671875