4 0.20234375 0.02421875 0.028125 0.0171875
13 0.3421875 0.0390625 0.06015625 0.0390625
3 0.13984375 0.14375 0.06171875 0.046875
9 0.29609375 0.153125 0.0328125 0.06484375
9 0.3546875 0.0875 0.071875 0.0453125
2 0.06171875 0.040625 0.02890625 0.01484375
9 0.33671875 0.14921875 0.015625 0.0234375
10 0.04609375 0.34609375 0.0921875 0.06328125
10 0.27578125 0.31953125 0.059375 0.09140625
10 0.40859375 0.68984375 0.08671875 0.10546875
10 0.39375 0.5703125 0.12109375 0.05703125
10 0.54375 0.58984375 0.13125 0.08828125
10 0.58828125 0.51328125 0.12109375 0.1109375
2 0.6484375 0.428125 0.01640625 0.015625
2 0.4875 0.20078125 0.01796875 0.00859375
10 0.76640625 0.1578125 0.08046875 0.0671875
3 0.90546875 0.428125 0.0421875 0.03203125
2 0.81875 0.4578125 0.01796875 0.01484375
10 0.9109375 0.56796875 0.08359375 0.06328125
13 0.6609375 0.69375 0.08359375 0.053125
9 0.9734375 0.78515625 0.053125 0.0703125