10 0.35390625 0.0609375 0.0921875 0.0765625
10 0.26171875 0.08125 0.09140625 0.0390625
10 0.28046875 0.1921875 0.17109375 0.10625
10 0.59140625 0.16640625 0.0453125 0.0375
10 0.62578125 0.13203125 0.059375 0.10859375
10 0.64765625 0.0640625 0.034375 0.0546875
9 0.5671875 0.040625 0.0375 0.071875
9 0.5078125 0.02578125 0.0375 0.0515625
9 0.39375 0.06015625 0.06484375 0.0734375
10 0.421875 0.125 0.05078125 0.04609375
10 0.41484375 0.15 0.0234375 0.03515625
10 0.384375 0.153125 0.04453125 0.065625
10 0.3671875 0.28671875 0.08125 0.046875
10 0.38046875 0.25703125 0.0859375 0.0625
9 0.74921875 0.08125 0.0875 0.059375
9 0.69140625 0.12421875 0.03984375 0.0703125
9 0.825 0.1328125 0.09375 0.04453125
9 0.80546875 0.090625 0.03125 0.08671875
10 0.88984375 0.1171875 0.1265625 0.1
8 0.890625 0.0890625 0.01796875 0.015625
10 0.703125 0.1796875 0.08046875 0.0625
10 0.7546875 0.20234375 0.059375 0.06953125
10 0.93984375 0.19609375 0.1203125 0.109375
10 0.8390625 0.1703125 0.10859375 0.11328125
10 0.8484375 0.278125 0.146875 0.11015625
10 0.95078125 0.315625 0.0984375 0.0875
10 0.52734375 0.2828125 0.14921875 0.14140625
10 0.54765625 0.21328125 0.14375 0.12890625
10 0.671875 0.25234375 0.13125 0.06328125
10 0.68125 0.353125 0.12265625 0.134375
10 0.5734375 0.41015625 0.06171875 0.07578125
10 0.80703125 0.81875 0.05625 0.03359375
10 0.64453125 0.7828125 0.0484375 0.03046875
10 0.70859375 0.6734375 0.0765625 0.06171875
10 0.64296875 0.65546875 0.0703125 0.05078125
10 0.63046875 0.86796875 0.04921875 0.0625
10 0.5796875 0.8515625 0.05 0.08359375
10 0.53046875 0.90546875 0.09453125 0.04609375
10 0.415625 0.953125 0.1078125 0.05078125
10 0.5046875 0.93828125 0.09140625 0.03984375
10 0.4359375 0.9046875 0.06171875 0.06953125
10 0.503125 0.8765625 0.04765625 0.04765625
10 0.4703125 0.86328125 0.06171875 0.02734375
10 0.403125 0.8421875 0.05 0.0890625
10 0.4828125 0.821875 0.10546875 0.04921875
10 0.496875 0.7828125 0.12421875 0.02734375
10 0.49765625 0.75625 0.09609375 0.05625
10 0.48046875 0.68515625 0.0515625 0.0296875
10 0.48359375 0.63828125 0.15078125 0.13984375
10 0.41953125 0.64296875 0.078125 0.1
10 0.37421875 0.62578125 0.05 0.08671875
10 0.48203125 0.55 0.1109375 0.0453125
10 0.49453125 0.53828125 0.1421875 0.05703125
10 0.6265625 0.60078125 0.11328125 0.0796875
10 0.52421875 0.45625 0.0875 0.04453125
10 0.50625 0.49296875 0.0703125 0.04921875
10 0.62109375 0.4234375 0.10390625 0.05703125
10 0.615625 0.3796875 0.10390625 0.06796875
10 0.34375 0.35078125 0.1375 0.08984375
10 0.303125 0.3609375 0.071875 0.05078125
10 0.37265625 0.4125 0.128125 0.07421875
10 0.171875 0.4328125 0.24609375 0.13125
10 0.153125 0.6265625 0.14375 0.12109375
10 0.20390625 0.76484375 0.1328125 0.11640625
3 0.12421875 0.90078125 0.08046875 0.07109375
3 0.12578125 0.759375 0.0703125 0.06484375
7 0.13984375 0.71640625 0.0578125 0.03984375
7 0.2015625 0.7015625 0.03203125 0.0265625
7 0.29765625 0.64296875 0.0671875 0.053125
3 0.2140625 0.6359375 0.034375 0.02578125
3 0.13515625 0.57265625 0.0671875 0.05546875
7 0.23984375 0.540625 0.07109375 0.0625
7 0.19609375 0.4953125 0.03828125 0.03671875
7 0.25 0.48671875 0.046875 0.05703125
7 0.2734375 0.43359375 0.0421875 0.04453125
7 0.2140625 0.359375 0.10625 0.11484375
7 0.21171875 0.1515625 0.03203125 0.01953125
7 0.25546875 0.03828125 0.1203125 0.0765625
7 0.20703125 0.1125 0.04453125 0.03203125
8 0.5421875 0.1828125 0.02109375 0.01484375
8 0.53984375 0.05703125 0.01171875 0.0109375
10 0.60625 0.5453125 0.11484375 0.07265625
10 0.6328125 0.4765625 0.1078125 0.046875
10 0.26484375 0.60703125 0.0953125 0.07265625
10 0.3671875 0.48125 0.11171875 0.075
10 0.36875 0.51171875 0.05703125 0.04765625
10 0.38203125 0.55703125 0.0875 0.06484375
8 0.88515625 0.040625 0.0140625 0.01484375
2 0.9625 0.096875 0.0140625 0.00859375