13 0.41875 0.04296875 0.134375 0.0859375
2 0.08515625 0.1984375 0.01875 0.01328125
9 0.51796875 0.18984375 0.046875 0.05625
9 0.646875 0.440625 0.08359375 0.0796875
9 0.32734375 0.5453125 0.1015625 0.03125
9 0.12578125 0.6875 0.08515625 0.06328125
9 0.42109375 0.93046875 0.0859375 0.1
9 0.24140625 0.90234375 0.040625 0.06015625
12 0.33515625 0.6796875 0.0375 0.03671875
13 0.22734375 0.2453125 0.0765625 0.078125
10 0.209375 0.5453125 0.075 0.0375
10 0.10390625 0.37421875 0.0640625 0.0546875
9 0.59375 0.22734375 0.06640625 0.0390625
3 0.753125 0.32421875 0.04765625 0.03203125
10 0.67265625 0.31796875 0.0265625 0.03125
13 0.19375 0.37890625 0.034375 0.0390625
13 0.43203125 0.48046875 0.04296875 0.0234375
9 0.26796875 0.57578125 0.040625 0.03203125
13 0.44609375 0.60859375 0.03203125 0.028125
10 0.2453125 0.63984375 0.06171875 0.03359375
10 0.2015625 0.62734375 0.03671875 0.01875
9 0.92265625 0.46484375 0.07265625 0.02890625
6 0.97109375 0.2109375 0.0578125 0.03125
12 0.865625 0.2140625 0.06640625 0.0265625
12 0.8828125 0.11875 0.03515625 0.03046875
2 0.84375 0.08203125 0.00625 0.00625
2 0.85625 0.096875 0.00546875 0.009375
11 0.46953125 0.1 0.04921875 0.02109375
9 0.4734375 0.071875 0.02109375 0.03203125
6 0.2984375 0.734375 0.03359375 0.03125
2 0.14609375 0.221875 0.00625 0.0078125
2 0.0828125 0.2640625 0.0078125 0.0078125
2 0.15625 0.26328125 0.0078125 0.00625
2 0.0671875 0.4265625 0.0171875 0.01328125