10 0.28671875 0.12734375 0.09140625 0.08984375
10 0.384375 0.10859375 0.0921875 0.07265625
10 0.43203125 0.08125 0.07578125 0.05703125
10 0.36484375 0.034375 0.09765625 0.0625
9 0.453125 0.16953125 0.0265625 0.03359375
9 0.47265625 0.165625 0.02890625 0.025
9 0.4546875 0.13671875 0.03515625 0.01796875
10 0.05078125 0.95625 0.1015625 0.0484375
10 0.59453125 0.946875 0.09453125 0.0953125
10 0.6453125 0.97734375 0.065625 0.04453125
9 0.921875 0.91328125 0.13828125 0.0734375
9 0.97421875 0.9765625 0.05078125 0.01796875
9 0.82578125 0.971875 0.05703125 0.03828125
9 0.85625 0.75390625 0.05078125 0.04453125
9 0.89296875 0.73359375 0.021875 0.03515625
9 0.759375 0.73203125 0.040625 0.0234375
9 0.85625 0.634375 0.103125 0.01953125
9 0.85390625 0.65546875 0.08671875 0.0265625
9 0.95078125 0.7375 0.04921875 0.05234375
10 0.9265625 0.70703125 0.06640625 0.0578125
10 0.94921875 0.68359375 0.07734375 0.0265625
10 0.9046875 0.65859375 0.03203125 0.046875
10 0.9609375 0.65625 0.075 0.03828125
9 0.89140625 0.6234375 0.03984375 0.0265625
9 0.803125 0.61875 0.04140625 0.03359375
9 0.90859375 0.57578125 0.0765625 0.0375
9 0.93359375 0.553125 0.07578125 0.06953125
9 0.85 0.48984375 0.0234375 0.0671875
9 0.81171875 0.50625 0.06640625 0.075
10 0.978125 0.45234375 0.04375 0.06328125
9 0.96015625 0.3984375 0.0796875 0.07578125
9 0.90546875 0.371875 0.028125 0.040625
9 0.71796875 0.3734375 0.02890625 0.04296875
10 0.97265625 0.34140625 0.0546875 0.071875
9 0.81015625 0.06484375 0.05078125 0.02734375
9 0.8109375 0.1296875 0.06796875 0.065625
9 0.74375 0.12421875 0.0296875 0.01875
9 0.70703125 0.10859375 0.04375 0.025
9 0.675 0.10546875 0.03984375 0.0453125
9 0.7796875 0.1375 0.04921875 0.03046875
10 0.815625 0.28125 0.04921875 0.05
10 0.75078125 0.2765625 0.071875 0.03203125
10 0.7078125 0.28671875 0.06328125 0.05234375
10 0.69609375 0.303125 0.0609375 0.040625
10 0.79453125 0.34140625 0.0859375 0.06640625
10 0.7578125 0.30625 0.053125 0.053125
10 0.82890625 0.303125 0.08828125 0.03125
9 0.6578125 0.2734375 0.02734375 0.0296875
9 0.5859375 0.5859375 0.0875 0.06484375
9 0.62890625 0.5421875 0.0609375 0.04921875
9 0.57421875 0.52421875 0.0671875 0.034375
9 0.578125 0.51484375 0.11171875 0.05859375
9 0.653125 0.5140625 0.0921875 0.08359375
10 0.55625 0.2953125 0.0875 0.0921875
10 0.52109375 0.28984375 0.11171875 0.059375
10 0.4046875 0.2796875 0.1140625 0.06640625
10 0.5765625 0.3703125 0.12109375 0.0890625
10 0.44765625 0.3109375 0.05625 0.0375
10 0.490625 0.33046875 0.08828125 0.01640625
10 0.41328125 0.35546875 0.1359375 0.065625
10 0.484375 0.38515625 0.1140625 0.0796875
10 0.33515625 0.46484375 0.1078125 0.08359375
10 0.3828125 0.4328125 0.02578125 0.0390625
10 0.3234375 0.57421875 0.071875 0.0390625
10 0.40625 0.5859375 0.05234375 0.03671875
10 0.39140625 0.5671875 0.07734375 0.03515625
10 0.44453125 0.5984375 0.040625 0.028125
10 0.3328125 0.6140625 0.09296875 0.03671875
10 0.40078125 0.6203125 0.140625 0.04375
10 0.4734375 0.6578125 0.0671875 0.05625
10 0.44453125 0.6984375 0.0875 0.11328125
10 0.53515625 0.62421875 0.11484375 0.0421875
10 0.140625 0.03125 0.0984375 0.059375
10 0.92265625 0.47265625 0.11640625 0.11171875