9 0.48671875 0.06015625 0.0296875 0.03515625
9 0.4796875 0.08125 0.015625 0.0296875
9 0.4890625 0.084375 0.0140625 0.028125
10 0.79765625 0.27578125 0.1390625 0.040625
10 0.8421875 0.33671875 0.09765625 0.05234375
9 0.4890625 0.33984375 0.0703125 0.0546875
9 0.36328125 0.17890625 0.03515625 0.09375
9 0.321875 0.2546875 0.06875 0.03515625
10 0.14453125 0.37109375 0.05078125 0.0390625
3 0.265625 0.734375 0.0359375 0.02265625
3 0.5359375 0.8015625 0.0484375 0.04609375
3 0.25078125 0.90078125 0.0578125 0.03515625
3 0.77578125 0.93984375 0.03984375 0.0375
3 0.60078125 0.97265625 0.046875 0.03515625
13 0.53671875 0.95 0.0671875 0.04765625
13 0.671875 0.5109375 0.0359375 0.01953125
13 0.71328125 0.4953125 0.034375 0.0234375
13 0.6578125 0.4890625 0.0296875 0.0234375
3 0.725 0.65 0.03046875 0.02890625
3 0.2921875 0.01953125 0.0265625 0.03671875
9 0.43671875 0.19765625 0.021875 0.02890625
9 0.3609375 0.22890625 0.0328125 0.03125
9 0.425 0.2453125 0.0671875 0.04609375
9 0.51171875 0.30859375 0.08515625 0.03828125
3 0.228125 0.3359375 0.03671875 0.02734375
2 0.3109375 0.43984375 0.009375 0.01171875
11 0.4859375 0.41015625 0.0515625 0.0359375
2 0.06875 0.66640625 0.00546875 0.00859375
2 0.10234375 0.66953125 0.0140625 0.0125
11 0.2171875 0.7890625 0.0703125 0.025
3 0.74453125 0.5953125 0.03984375 0.01953125