1 0.159375 0.08515625 0.09140625 0.0625
1 0.40078125 0.08671875 0.07109375 0.06796875
1 0.21171875 0.1359375 0.090625 0.07109375
13 0.2828125 0.0203125 0.09375 0.03984375
9 0.2953125 0.225 0.15 0.05390625
13 0.13984375 0.17890625 0.0703125 0.0484375
6 0.63125 0.17109375 0.096875 0.0921875
13 0.73984375 0.22265625 0.175 0.13515625
10 0.24765625 0.328125 0.071875 0.05078125
10 0.35859375 0.434375 0.259375 0.05
10 0.51953125 0.48203125 0.10703125 0.11640625
1 0.2078125 0.40078125 0.06015625 0.04921875
10 0.16171875 0.38984375 0.084375 0.06796875
12 0.02265625 0.40625 0.0453125 0.04375
9 0.22734375 0.56640625 0.19453125 0.06875
13 0.2796875 0.73515625 0.0734375 0.07421875
9 0.071875 0.9703125 0.10703125 0.05859375
9 0.87890625 0.9515625 0.11875 0.09609375
9 0.7890625 0.92578125 0.06328125 0.06328125
10 0.79375 0.853125 0.13984375 0.08515625
10 0.715625 0.815625 0.06953125 0.09921875
13 0.8234375 0.74765625 0.07890625 0.0328125
13 0.83359375 0.5796875 0.12265625 0.07578125
10 0.91640625 0.50390625 0.1671875 0.1171875
13 0.8203125 0.35 0.09921875 0.07578125
6 0.91953125 0.17734375 0.0453125 0.0359375
3 0.9375 0.1765625 0.0421875 0.0203125
6 0.96796875 0.1109375 0.03984375 0.02421875
10 0.9640625 0.15390625 0.071875 0.0671875
10 0.925 0.059375 0.0515625 0.11796875
6 0.8796875 0.0265625 0.08203125 0.05234375
10 0.57734375 0.56640625 0.075 0.0703125