9 0.6296875 0.31171875 0.0453125 0.03671875
2 0.50859375 0.5375 0.03125 0.05
2 0.6640625 0.4484375 0.0234375 0.02421875
2 0.60859375 0.51484375 0.0140625 0.040625
2 0.69375 0.6390625 0.0140625 0.0421875
2 0.37109375 0.25234375 0.02734375 0.025
2 0.52265625 0.4484375 0.0109375 0.034375
2 0.19296875 0.0703125 0.00859375 0.0140625
2 0.340625 0.109375 0.01953125 0.0125
2 0.340625 0.1734375 0.01953125 0.015625
2 0.109375 0.16171875 0.0171875 0.02265625
2 0.0296875 0.1390625 0.009375 0.0203125
2 0.05078125 0.209375 0.01015625 0.01640625
3 0.040625 0.25234375 0.028125 0.034375
2 0.15390625 0.62734375 0.009375 0.015625