3 0.34296875 0.28515625 0.1453125 0.0875
3 0.77421875 0.2671875 0.11015625 0.05
13 0.52578125 0.334375 0.0625 0.04140625
13 0.66171875 0.4109375 0.0703125 0.08046875
13 0.7359375 0.46796875 0.16796875 0.096875
12 0.61015625 0.49453125 0.0609375 0.053125
13 0.3421875 0.53046875 0.05546875 0.03046875
3 0.39375 0.5328125 0.03984375 0.034375
3 0.48359375 0.525 0.0328125 0.02578125
3 0.24375 0.62109375 0.1265625 0.07578125
3 0.14609375 0.91328125 0.0328125 0.02265625
3 0.03125 0.378125 0.03671875 0.0265625
12 0.43828125 0.98203125 0.040625 0.02109375
11 0.88359375 0.61953125 0.06171875 0.04140625
5 0.8078125 0.6328125 0.06640625 0.0375
12 0.9328125 0.24921875 0.06171875 0.03359375