0 0.07265625 0.04609375 0.1421875 0.0921875
13 0.428125 0.18515625 0.0765625 0.0625
13 0.071875 0.1796875 0.14375 0.08828125
13 0.859375 0.80234375 0.24453125 0.1515625
6 0.8421875 0.27109375 0.05390625 0.0359375
13 0.53828125 0.3015625 0.046875 0.02734375
2 0.828125 0.29765625 0.02734375 0.01640625
6 0.2234375 0.36953125 0.05234375 0.04609375
6 0.2703125 0.61171875 0.0546875 0.046875
6 0.346875 0.58359375 0.06953125 0.034375
13 0.15078125 0.11953125 0.05625 0.02265625
2 0.26875 0.4 0.01640625 0.009375
6 0.2484375 0.43203125 0.03203125 0.02109375
6 0.09921875 0.41875 0.06640625 0.03515625
2 0.2078125 0.396875 0.01796875 0.01796875
9 0.36796875 0.396875 0.03984375 0.028125
9 0.3578125 0.3515625 0.05625 0.02265625
9 0.3265625 0.52421875 0.0328125 0.03515625
6 0.04453125 0.6453125 0.02890625 0.0296875
6 0.24140625 0.71796875 0.05390625 0.04765625
6 0.51640625 0.75703125 0.03828125 0.0234375
7 0.63203125 0.52890625 0.05703125 0.03671875
7 0.63828125 0.5015625 0.0328125 0.0203125
8 0.7734375 0.58203125 0.01875 0.015625
8 0.82109375 0.59765625 0.00859375 0.00703125
8 0.8234375 0.59375 0.01796875 0.01484375
8 0.86328125 0.58984375 0.01796875 0.01640625
8 0.7765625 0.5625 0.02109375 0.01640625
8 0.79296875 0.584375 0.009375 0.00859375
8 0.79765625 0.590625 0.0109375 0.00703125
6 0.55234375 0.4859375 0.04453125 0.02109375
9 0.61953125 0.4375 0.01875 0.0421875
2 0.78046875 0.39609375 0.0078125 0.0078125