8 0.38671875 0.14375 0.0125 0.009375
8 0.3625 0.15234375 0.01640625 0.01328125
8 0.37578125 0.14921875 0.01640625 0.01171875
8 0.38984375 0.16875 0.0171875 0.0109375
8 0.38828125 0.1875 0.01640625 0.01484375
8 0.3734375 0.17421875 0.009375 0.00859375
10 0.12734375 0.8125 0.22734375 0.09375
10 0.30078125 0.8609375 0.17890625 0.15859375
10 0.39375 0.79140625 0.2234375 0.14296875
10 0.9390625 0.72734375 0.05859375 0.06640625
10 0.9 0.6671875 0.07421875 0.0484375
10 0.59609375 0.81484375 0.1 0.05078125
10 0.65625 0.74375 0.115625 0.09609375
10 0.5890625 0.76015625 0.0359375 0.0703125
10 0.4203125 0.59375 0.1796875 0.10234375
10 0.39296875 0.6640625 0.1109375 0.034375
10 0.31796875 0.63984375 0.090625 0.0875
10 0.36640625 0.53515625 0.0828125 0.071875
10 0.3125 0.546875 0.0953125 0.10234375
10 0.478125 0.41875 0.27578125 0.18203125
10 0.70390625 0.553125 0.06640625 0.071875