13 0.259375 0.1390625 0.0984375 0.03984375
11 0.28046875 0.1765625 0.0765625 0.0453125
13 0.6171875 0.3140625 0.10234375 0.07890625
3 0.85546875 0.2 0.04765625 0.0296875
13 0.5328125 0.31015625 0.0421875 0.03046875
12 0.75 0.38046875 0.0484375 0.04921875
3 0.840625 0.46796875 0.05859375 0.040625
3 0.8609375 0.57109375 0.071875 0.0515625
3 0.89921875 0.6171875 0.07421875 0.04296875
2 0.2890625 0.76171875 0.028125 0.0234375
2 0.23046875 0.76875 0.0171875 0.015625
3 0.2109375 0.928125 0.0734375 0.1046875
9 0.903125 0.93671875 0.05546875 0.053125
13 0.22109375 0.6453125 0.09140625 0.1578125
13 0.0625 0.3859375 0.0546875 0.03359375
6 0.24140625 0.715625 0.02421875 0.03359375
6 0.41484375 0.54765625 0.04296875 0.02890625
9 0.3546875 0.509375 0.0296875 0.01328125
13 0.31015625 0.353125 0.04453125 0.0515625
13 0.378125 0.27890625 0.0484375 0.02109375
6 0.96875 0.32421875 0.0625 0.0453125
12 0.81328125 0.41171875 0.040625 0.0375