10 0.70625 0.03515625 0.059375 0.0703125
10 0.8203125 0.02734375 0.0359375 0.0375
13 0.9359375 0.46171875 0.0484375 0.0265625
3 0.69296875 0.47578125 0.034375 0.03515625
13 0.73828125 0.85390625 0.05390625 0.04140625
13 0.67421875 0.8546875 0.03671875 0.03671875
13 0.65703125 0.7484375 0.0390625 0.04609375
9 0.58125 0.91171875 0.0703125 0.0421875
2 0.4015625 0.0296875 0.0078125 0.01171875
10 0.26015625 0.2734375 0.03515625 0.06171875
10 0.26328125 0.35390625 0.1265625 0.09375
10 0.1515625 0.37421875 0.096875 0.071875
10 0.153125 0.4390625 0.1390625 0.06484375
3 0.95703125 0.9 0.0234375 0.02421875
3 0.63828125 0.82421875 0.034375 0.02890625
3 0.584375 0.6375 0.0578125 0.05234375
3 0.7703125 0.1140625 0.03828125 0.02578125
3 0.64375 0.06328125 0.0265625 0.03125