3 0.53984375 0.146875 0.06171875 0.03359375
3 0.49296875 0.12890625 0.0296875 0.01796875
12 0.37734375 0.16875 0.03203125 0.01875
3 0.771875 0.2640625 0.04375 0.025
3 0.56015625 0.31796875 0.034375 0.02578125
3 0.69140625 0.30078125 0.02890625 0.02265625
3 0.7671875 0.296875 0.03125 0.02109375
3 0.46640625 0.41796875 0.065625 0.0328125
3 0.43203125 0.32890625 0.05 0.034375
13 0.459375 0.2828125 0.059375 0.0265625
13 0.3 0.29609375 0.0578125 0.03671875
13 0.47734375 0.37734375 0.0625 0.05078125
3 0.4 0.34921875 0.0546875 0.03828125
10 0.34140625 0.35234375 0.05859375 0.0859375
10 0.21640625 0.44375 0.21328125 0.08671875
10 0.59765625 0.64375 0.0640625 0.059375
9 0.6890625 0.78046875 0.0703125 0.0265625
3 0.44375 0.74375 0.0421875 0.05625
12 0.225 0.19140625 0.0296875 0.021875
10 0.0140625 0.19453125 0.028125 0.03125
6 0.60625 0.31953125 0.025 0.02421875
6 0.553125 0.3453125 0.03984375 0.03671875
9 0.878125 0.3484375 0.0796875 0.03515625