11 0.16328125 0.0875 0.1109375 0.08046875
11 0.3921875 0.05703125 0.0984375 0.04453125
11 0.365625 0.246875 0.10546875 0.09765625
13 0.26484375 0.2765625 0.0359375 0.0359375
13 0.328125 0.4328125 0.04765625 0.04140625
13 0.275 0.3921875 0.071875 0.02890625
0 0.4203125 0.39375 0.125 0.07734375
10 0.41875 0.29609375 0.11953125 0.08359375
10 0.3359375 0.321875 0.0703125 0.07109375
10 0.35625 0.18984375 0.0921875 0.0953125
10 0.36796875 0.9421875 0.140625 0.06953125
10 0.4765625 0.940625 0.1359375 0.0890625
10 0.41328125 0.84453125 0.09921875 0.10078125
3 0.41796875 0.96640625 0.0921875 0.065625
10 0.565625 0.71640625 0.084375 0.1390625
10 0.375 0.52109375 0.09140625 0.0515625
10 0.5 0.5390625 0.075 0.0671875
10 0.590625 0.6015625 0.1625 0.0578125
13 0.84296875 0.0765625 0.1046875 0.06171875
10 0.7984375 0.4171875 0.1 0.0390625
10 0.90234375 0.43515625 0.06953125 0.0625