9 0.15966796875 0.07421875 0.064453125 0.0390625
3 0.724609375 0.22802734375 0.0576171875 0.05029296875
9 0.3388671875 0.39013671875 0.017578125 0.04052734375
9 0.29931640625 0.42138671875 0.05615234375 0.05126953125
3 0.22509765625 0.53173828125 0.046875 0.02783203125
9 0.5380859375 0.509765625 0.10205078125 0.05078125
9 0.5654296875 0.56396484375 0.12353515625 0.06982421875
9 0.3623046875 0.54541015625 0.0908203125 0.06689453125
9 0.328125 0.58642578125 0.11181640625 0.0322265625
9 0.43505859375 0.5595703125 0.08203125 0.03173828125
9 0.4794921875 0.5498046875 0.06591796875 0.0537109375
9 0.4462890625 0.53369140625 0.07373046875 0.03955078125
9 0.4052734375 0.59228515625 0.05078125 0.0302734375
9 0.86865234375 0.333984375 0.10546875 0.02685546875
10 0.91015625 0.39306640625 0.0732421875 0.044921875
13 0.70263671875 0.3896484375 0.06494140625 0.04248046875
9 0.68017578125 0.40283203125 0.05810546875 0.0673828125
9 0.81298828125 0.46728515625 0.02197265625 0.05126953125
9 0.923828125 0.51416015625 0.0263671875 0.03955078125
9 0.66845703125 0.57470703125 0.07177734375 0.0908203125
9 0.94677734375 0.59521484375 0.1064453125 0.0556640625
9 0.94873046875 0.78173828125 0.10205078125 0.06201171875
11 0.71044921875 0.70849609375 0.12158203125 0.08642578125
10 0.83740234375 0.68798828125 0.14453125 0.05615234375