6 0.14501953125 0.03076171875 0.06982421875 0.05712890625
6 0.14892578125 0.09765625 0.0693359375 0.0537109375
6 0.28466796875 0.12060546875 0.1328125 0.09521484375
6 0.04248046875 0.09423828125 0.08447265625 0.060546875
13 0.0419921875 0.1376953125 0.08349609375 0.0546875
13 0.0556640625 0.2333984375 0.0595703125 0.0517578125
12 0.203125 0.15966796875 0.05078125 0.03369140625
13 0.03955078125 0.33984375 0.0791015625 0.080078125
9 0.271484375 0.3828125 0.0830078125 0.0751953125
9 0.0283203125 0.49462890625 0.0439453125 0.0791015625
9 0.4814453125 0.5390625 0.06298828125 0.0322265625
9 0.3857421875 0.9404296875 0.07568359375 0.05419921875
9 0.32421875 0.8974609375 0.11767578125 0.056640625
13 0.23828125 0.76953125 0.0615234375 0.05126953125
9 0.2255859375 0.73828125 0.0830078125 0.06298828125
10 0.76025390625 0.828125 0.13623046875 0.03173828125
6 0.85009765625 0.72998046875 0.0654296875 0.04052734375
3 0.68359375 0.73193359375 0.05908203125 0.04638671875
13 0.7861328125 0.75634765625 0.10888671875 0.06103515625
6 0.90087890625 0.54443359375 0.076171875 0.0517578125
10 0.38037109375 0.564453125 0.12158203125 0.0966796875
10 0.31494140625 0.60302734375 0.1328125 0.0771484375