0 0.0732421875 0.04638671875 0.142578125 0.0927734375
13 0.42822265625 0.18505859375 0.07666015625 0.06298828125
13 0.07177734375 0.18017578125 0.1435546875 0.08837890625
13 0.859375 0.802734375 0.24462890625 0.1513671875
6 0.84228515625 0.27099609375 0.0537109375 0.03564453125
13 0.5380859375 0.30126953125 0.046875 0.02734375
2 0.82763671875 0.29736328125 0.02685546875 0.0166015625
6 0.2236328125 0.36962890625 0.0517578125 0.04638671875
6 0.2705078125 0.611328125 0.0546875 0.046875
6 0.3466796875 0.58349609375 0.06982421875 0.0341796875
13 0.15087890625 0.11962890625 0.056640625 0.0224609375
2 0.26904296875 0.39990234375 0.0166015625 0.009765625
6 0.248046875 0.43212890625 0.03173828125 0.02099609375
6 0.099609375 0.4189453125 0.06640625 0.03515625
2 0.20751953125 0.396484375 0.017578125 0.0185546875
9 0.36767578125 0.39697265625 0.03955078125 0.0283203125
9 0.35791015625 0.3515625 0.05615234375 0.0224609375
9 0.32666015625 0.52392578125 0.033203125 0.03466796875
6 0.04443359375 0.64501953125 0.02880859375 0.02978515625
6 0.2412109375 0.7177734375 0.05419921875 0.0478515625
6 0.51611328125 0.75732421875 0.0380859375 0.0234375
7 0.6318359375 0.5283203125 0.05712890625 0.03662109375
7 0.638671875 0.50146484375 0.03271484375 0.02001953125
8 0.77294921875 0.58203125 0.01904296875 0.01513671875
8 0.82080078125 0.59765625 0.0087890625 0.0068359375
8 0.8232421875 0.59375 0.017578125 0.0146484375
8 0.86328125 0.58984375 0.01806640625 0.01611328125
8 0.7763671875 0.5625 0.021484375 0.0166015625
8 0.79296875 0.583984375 0.00927734375 0.00830078125
8 0.7978515625 0.59033203125 0.01123046875 0.00732421875
6 0.552734375 0.486328125 0.04443359375 0.02099609375
9 0.61962890625 0.4375 0.0185546875 0.04248046875
2 0.78076171875 0.39599609375 0.0078125 0.0078125