11 0.451171875 0.51953125 0.078125 0.08203125
11 0.513671875 0.48681640625 0.04931640625 0.044921875
11 0.51123046875 0.52392578125 0.052734375 0.04443359375
9 0.05029296875 0.18994140625 0.05712890625 0.03955078125
9 0.43603515625 0.21728515625 0.0498046875 0.0341796875
9 0.4560546875 0.353515625 0.087890625 0.04248046875
11 0.10009765625 0.5087890625 0.064453125 0.05908203125
6 0.2900390625 0.4267578125 0.12841796875 0.08251953125
13 0.1474609375 0.4375 0.05908203125 0.04541015625
9 0.2724609375 0.45361328125 0.03857421875 0.02197265625
9 0.869140625 0.44775390625 0.04638671875 0.0703125
9 0.57958984375 0.50634765625 0.041015625 0.03173828125
10 0.6767578125 0.6533203125 0.0595703125 0.02978515625
10 0.4677734375 0.6953125 0.0673828125 0.037109375
11 0.228515625 0.83935546875 0.037109375 0.0478515625
2 0.17724609375 0.11376953125 0.00732421875 0.00390625
2 0.16943359375 0.2041015625 0.0146484375 0.01123046875
6 0.48046875 0.20849609375 0.02978515625 0.025390625
2 0.28857421875 0.34033203125 0.00830078125 0.01220703125
6 0.36181640625 0.31689453125 0.078125 0.0576171875
2 0.47412109375 0.4609375 0.0205078125 0.01318359375
2 0.853515625 0.37890625 0.0166015625 0.01318359375
2 0.75927734375 0.36376953125 0.0185546875 0.017578125