9 0.6298828125 0.3115234375 0.04541015625 0.03662109375
2 0.5087890625 0.5380859375 0.03125 0.0498046875
2 0.66357421875 0.4482421875 0.02392578125 0.02392578125
2 0.60888671875 0.51513671875 0.013671875 0.041015625
2 0.69384765625 0.63916015625 0.013671875 0.04248046875
2 0.37109375 0.25244140625 0.02734375 0.02490234375
2 0.5224609375 0.4482421875 0.01123046875 0.0341796875
2 0.19287109375 0.0703125 0.0087890625 0.01416015625
2 0.3408203125 0.10888671875 0.01904296875 0.0126953125
2 0.3408203125 0.17333984375 0.01953125 0.01513671875
2 0.109375 0.16162109375 0.01708984375 0.0224609375
2 0.029296875 0.13916015625 0.00927734375 0.02001953125
2 0.05029296875 0.20947265625 0.01025390625 0.0166015625
3 0.04052734375 0.25244140625 0.02783203125 0.0341796875
2 0.1533203125 0.626953125 0.00927734375 0.015625