9 0.255859375 0.01708984375 0.04638671875 0.0341796875
9 0.30859375 0.03271484375 0.0439453125 0.044921875
9 0.50732421875 0.38916015625 0.0458984375 0.08203125
9 0.45947265625 0.44287109375 0.0244140625 0.10498046875
6 0.37890625 0.33544921875 0.0341796875 0.05078125
5 0.27392578125 0.2900390625 0.1591796875 0.2568359375
13 0.431640625 0.0869140625 0.146484375 0.173828125
13 0.22021484375 0.12451171875 0.2939453125 0.2490234375
13 0.1455078125 0.455078125 0.16015625 0.17041015625
6 0.0244140625 0.48388671875 0.048828125 0.0634765625
13 0.388671875 0.2802734375 0.06494140625 0.08056640625
13 0.44384765625 0.3544921875 0.0400390625 0.0908203125
12 0.0361328125 0.7509765625 0.07177734375 0.08984375
13 0.1328125 0.8623046875 0.04541015625 0.04443359375
13 0.23974609375 0.92138671875 0.0830078125 0.1572265625
9 0.3076171875 0.80712890625 0.0283203125 0.08837890625
9 0.19775390625 0.76171875 0.072265625 0.05810546875
9 0.31494140625 0.6826171875 0.0712890625 0.1318359375
9 0.2509765625 0.7490234375 0.0634765625 0.03173828125
9 0.2685546875 0.78271484375 0.0302734375 0.060546875
13 0.92138671875 0.20166015625 0.15673828125 0.4033203125
13 0.4814453125 0.2978515625 0.04931640625 0.04345703125
13 0.70947265625 0.43505859375 0.04345703125 0.0517578125
13 0.8369140625 0.8154296875 0.12255859375 0.150390625
12 0.71142578125 0.923828125 0.0537109375 0.08349609375
3 0.6005859375 0.92822265625 0.0556640625 0.060546875
9 0.64599609375 0.669921875 0.080078125 0.123046875
9 0.58447265625 0.60302734375 0.1123046875 0.091796875
13 0.880859375 0.65576171875 0.03955078125 0.05615234375
9 0.61572265625 0.55615234375 0.052734375 0.14453125
9 0.54541015625 0.40576171875 0.0791015625 0.11962890625
9 0.60498046875 0.4462890625 0.0576171875 0.12109375
9 0.537109375 0.54052734375 0.076171875 0.0703125