9 0.48681640625 0.06005859375 0.029296875 0.03466796875
9 0.47998046875 0.0810546875 0.01611328125 0.02978515625
9 0.4892578125 0.083984375 0.01416015625 0.0283203125
10 0.79736328125 0.27587890625 0.13916015625 0.04052734375
10 0.84228515625 0.3369140625 0.09814453125 0.052734375
9 0.4892578125 0.33984375 0.0703125 0.05419921875
9 0.36328125 0.17919921875 0.03515625 0.09423828125
9 0.3212890625 0.25439453125 0.06884765625 0.03515625
10 0.14404296875 0.37158203125 0.05029296875 0.03955078125
3 0.26611328125 0.734375 0.0361328125 0.02294921875
3 0.5361328125 0.80126953125 0.04833984375 0.0458984375
3 0.2509765625 0.90087890625 0.0576171875 0.03466796875
3 0.77587890625 0.939453125 0.03955078125 0.037109375
3 0.6005859375 0.97265625 0.046875 0.03515625
13 0.53662109375 0.9501953125 0.0673828125 0.0478515625
13 0.671875 0.5107421875 0.0361328125 0.02001953125
13 0.712890625 0.49560546875 0.0341796875 0.0234375
13 0.65771484375 0.48876953125 0.029296875 0.0234375
3 0.72509765625 0.64990234375 0.0302734375 0.02880859375
3 0.2919921875 0.01953125 0.02685546875 0.0361328125
9 0.4365234375 0.19775390625 0.02197265625 0.029296875
9 0.361328125 0.228515625 0.03271484375 0.03173828125
9 0.4248046875 0.24560546875 0.06689453125 0.04638671875
9 0.51171875 0.30859375 0.0849609375 0.0380859375
3 0.22802734375 0.3359375 0.037109375 0.02685546875
2 0.31103515625 0.439453125 0.00927734375 0.01171875
11 0.4853515625 0.41015625 0.0517578125 0.03564453125
2 0.06884765625 0.66650390625 0.005859375 0.0087890625
2 0.10205078125 0.66943359375 0.01416015625 0.01220703125
11 0.2177734375 0.7890625 0.0703125 0.02490234375
3 0.744140625 0.595703125 0.03955078125 0.01904296875