3 0.34326171875 0.28515625 0.1455078125 0.08740234375
3 0.7744140625 0.267578125 0.1103515625 0.0498046875
13 0.52587890625 0.33447265625 0.0625 0.04150390625
13 0.66162109375 0.4111328125 0.0703125 0.08056640625
13 0.73583984375 0.4677734375 0.16748046875 0.0966796875
12 0.60986328125 0.49462890625 0.060546875 0.05322265625
13 0.34228515625 0.5302734375 0.05517578125 0.0302734375
3 0.39404296875 0.533203125 0.03955078125 0.03466796875
3 0.4833984375 0.52490234375 0.0322265625 0.02587890625
3 0.244140625 0.62109375 0.12646484375 0.07568359375
3 0.14599609375 0.91357421875 0.0322265625 0.02294921875
3 0.03125 0.37841796875 0.0361328125 0.02685546875
12 0.43798828125 0.98193359375 0.04052734375 0.021484375
11 0.88330078125 0.619140625 0.0615234375 0.04150390625
5 0.8076171875 0.6328125 0.06640625 0.03759765625
12 0.93310546875 0.24951171875 0.0615234375 0.0341796875