3 0.9580078125 0.31494140625 0.0673828125 0.064453125
10 0.55908203125 0.44873046875 0.12646484375 0.06689453125
10 0.60302734375 0.5078125 0.23193359375 0.08447265625
10 0.43115234375 0.56201171875 0.13818359375 0.0947265625
10 0.65380859375 0.43896484375 0.06005859375 0.07958984375
3 0.36962890625 0.69873046875 0.0615234375 0.03076171875
13 0.2216796875 0.5517578125 0.109375 0.04296875
9 0.76611328125 0.8896484375 0.05029296875 0.0302734375
3 0.72412109375 0.43310546875 0.076171875 0.05322265625
3 0.1611328125 0.01220703125 0.06494140625 0.02294921875
9 0.5244140625 0.1005859375 0.09375 0.06103515625
3 0.02490234375 0.24365234375 0.0498046875 0.0283203125
3 0.22412109375 0.43798828125 0.04833984375 0.04345703125
2 0.185546875 0.8193359375 0.021484375 0.02197265625
3 0.84912109375 0.6376953125 0.15087890625 0.076171875