3 0.30029296875 0.2099609375 0.029296875 0.0244140625
3 0.27734375 0.275390625 0.033203125 0.01953125
3 0.48046875 0.32373046875 0.05810546875 0.037109375
1 0.4013671875 0.7080078125 0.07080078125 0.0537109375
1 0.31689453125 0.78369140625 0.08154296875 0.0595703125
9 0.08349609375 0.74853515625 0.04833984375 0.03369140625
13 0.76904296875 0.84033203125 0.0576171875 0.046875
9 0.27685546875 0.8955078125 0.02197265625 0.02734375
9 0.28955078125 0.30126953125 0.07373046875 0.02294921875
9 0.27783203125 0.39404296875 0.0302734375 0.04345703125
9 0.310546875 0.45556640625 0.10546875 0.06298828125
13 0.10693359375 0.47802734375 0.1337890625 0.11279296875
11 0.783203125 0.3505859375 0.087890625 0.05517578125
2 0.4365234375 0.8154296875 0.01806640625 0.01025390625
2 0.4990234375 0.80859375 0.0166015625 0.009765625
2 0.3818359375 0.79638671875 0.017578125 0.01220703125
2 0.55126953125 0.6962890625 0.0146484375 0.00634765625
9 0.2333984375 0.439453125 0.06396484375 0.03173828125
9 0.2451171875 0.45947265625 0.06103515625 0.0205078125
9 0.28369140625 0.4423828125 0.05517578125 0.0595703125
9 0.34130859375 0.453125 0.02783203125 0.03369140625
2 0.36669921875 0.50146484375 0.013671875 0.01220703125
2 0.36865234375 0.45263671875 0.01611328125 0.0078125
2 0.45751953125 0.609375 0.0087890625 0.01123046875