2 0.48876953125 0.14501953125 0.0126953125 0.01123046875
3 0.2412109375 0.294921875 0.09912109375 0.0576171875
3 0.427734375 0.66259765625 0.1171875 0.10693359375
3 0.37060546875 0.81982421875 0.04541015625 0.0263671875
9 0.55615234375 0.61865234375 0.13720703125 0.05517578125
9 0.7109375 0.4716796875 0.1689453125 0.07373046875
9 0.623046875 0.53759765625 0.15380859375 0.0908203125
9 0.4326171875 0.47265625 0.05712890625 0.11181640625
9 0.48291015625 0.43310546875 0.08056640625 0.09765625
9 0.53076171875 0.46435546875 0.04052734375 0.05126953125
3 0.52392578125 0.51123046875 0.123046875 0.07958984375
3 0.7353515625 0.1357421875 0.08056640625 0.048828125
3 0.7158203125 0.03125 0.04248046875 0.03271484375