1 0.1591796875 0.08544921875 0.09130859375 0.0625
1 0.40087890625 0.0869140625 0.0712890625 0.06787109375
1 0.21142578125 0.1357421875 0.0908203125 0.07080078125
13 0.283203125 0.02001953125 0.09326171875 0.03955078125
9 0.294921875 0.22509765625 0.150390625 0.0537109375
13 0.14013671875 0.1787109375 0.0703125 0.048828125
6 0.6318359375 0.17138671875 0.09716796875 0.09228515625
13 0.740234375 0.22314453125 0.17529296875 0.13525390625
10 0.248046875 0.328125 0.07177734375 0.05029296875
10 0.3583984375 0.43408203125 0.2587890625 0.05029296875
10 0.51953125 0.48193359375 0.107421875 0.11669921875
1 0.2080078125 0.40087890625 0.06005859375 0.04931640625
10 0.16162109375 0.3896484375 0.08447265625 0.06787109375
12 0.0224609375 0.40625 0.044921875 0.04345703125
9 0.2275390625 0.56689453125 0.19482421875 0.068359375
13 0.27978515625 0.73486328125 0.0732421875 0.07421875
9 0.072265625 0.970703125 0.10693359375 0.05859375
9 0.87841796875 0.95166015625 0.11865234375 0.0966796875
9 0.78955078125 0.92529296875 0.06298828125 0.06298828125
10 0.7939453125 0.85302734375 0.1396484375 0.0849609375
10 0.71533203125 0.8154296875 0.06982421875 0.09912109375
13 0.82373046875 0.748046875 0.07861328125 0.033203125
13 0.833984375 0.57958984375 0.123046875 0.07568359375
10 0.9169921875 0.50390625 0.166015625 0.11767578125
13 0.8203125 0.35009765625 0.09912109375 0.076171875
6 0.91943359375 0.1767578125 0.04541015625 0.03564453125
3 0.9375 0.17626953125 0.0419921875 0.0205078125
6 0.9677734375 0.111328125 0.03955078125 0.02392578125
10 0.9638671875 0.15380859375 0.07177734375 0.06689453125
10 0.9248046875 0.05908203125 0.05126953125 0.1181640625
6 0.8798828125 0.0263671875 0.08154296875 0.052734375
10 0.5771484375 0.56591796875 0.0751953125 0.07080078125