10 0.49560546875 0.39111328125 0.09130859375 0.09423828125
11 0.24169921875 0.54443359375 0.1025390625 0.0615234375
12 0.2705078125 0.650390625 0.041015625 0.03076171875
13 0.322265625 0.82763671875 0.04345703125 0.033203125
13 0.36962890625 0.8486328125 0.06201171875 0.03076171875
13 0.3486328125 0.8681640625 0.04150390625 0.03076171875
3 0.15185546875 0.89208984375 0.13720703125 0.0986328125
3 0.31298828125 0.54638671875 0.0615234375 0.044921875
13 0.71240234375 0.43212890625 0.0703125 0.03662109375
3 0.8818359375 0.2626953125 0.037109375 0.029296875
3 0.84326171875 0.21826171875 0.05126953125 0.03759765625
3 0.78173828125 0.2333984375 0.05126953125 0.0625
13 0.05810546875 0.287109375 0.08544921875 0.0419921875
10 0.9580078125 0.96337890625 0.083984375 0.07275390625
13 0.55224609375 0.193359375 0.0458984375 0.03271484375
10 0.1943359375 0.17138671875 0.04443359375 0.046875
2 0.16552734375 0.40185546875 0.02001953125 0.01025390625
6 0.33447265625 0.583984375 0.0439453125 0.0419921875
2 0.33740234375 0.63671875 0.0107421875 0.01025390625
3 0.1298828125 0.6669921875 0.0498046875 0.03857421875
3 0.0966796875 0.6455078125 0.0439453125 0.0244140625
3 0.40625 0.69873046875 0.02734375 0.02294921875
2 0.5302734375 0.8046875 0.009765625 0.0126953125
3 0.6884765625 0.03173828125 0.04541015625 0.0361328125
10 0.92822265625 0.5595703125 0.06640625 0.0849609375