3 0.3974609375 0.08251953125 0.052734375 0.03271484375
3 0.361328125 0.138671875 0.05419921875 0.0283203125
3 0.44677734375 0.15869140625 0.05908203125 0.0302734375
11 0.62744140625 0.02734375 0.1064453125 0.05419921875
3 0.578125 0.10302734375 0.0458984375 0.0283203125
10 0.49365234375 0.38623046875 0.0986328125 0.1298828125
10 0.50927734375 0.55615234375 0.10986328125 0.0986328125
10 0.60400390625 0.5087890625 0.11279296875 0.0703125
10 0.50634765625 0.4716796875 0.06689453125 0.0439453125
10 0.55517578125 0.45068359375 0.1123046875 0.07861328125
10 0.38134765625 0.5029296875 0.09765625 0.052734375
3 0.06396484375 0.80419921875 0.1279296875 0.0947265625
11 0.62060546875 0.646484375 0.10546875 0.0791015625
3 0.6533203125 0.6337890625 0.0283203125 0.0322265625
11 0.76123046875 0.0322265625 0.07470703125 0.046875
11 0.84521484375 0.0400390625 0.0849609375 0.07861328125
2 0.0869140625 0.96337890625 0.015625 0.01953125
2 0.291015625 0.29931640625 0.01171875 0.0146484375