3 0.50390625 0.05224609375 0.0634765625 0.03564453125
3 0.6064453125 0.0478515625 0.03857421875 0.048828125
3 0.98193359375 0.1826171875 0.0341796875 0.02294921875
13 0.513671875 0.43310546875 0.05322265625 0.02783203125
13 0.5595703125 0.39404296875 0.11279296875 0.03466796875
9 0.5712890625 0.5439453125 0.0625 0.09619140625
9 0.4248046875 0.50244140625 0.103515625 0.04931640625
9 0.41943359375 0.5673828125 0.05859375 0.02294921875
9 0.505859375 0.6005859375 0.0693359375 0.0927734375
9 0.6591796875 0.591796875 0.0361328125 0.052734375
10 0.30908203125 0.70458984375 0.0947265625 0.06689453125
13 0.34814453125 0.7646484375 0.06396484375 0.0322265625