9 0.517578125 0.060546875 0.046875 0.02392578125
9 0.833984375 0.140625 0.02978515625 0.0654296875
9 0.6708984375 0.53564453125 0.0576171875 0.0478515625
9 0.49560546875 0.51318359375 0.025390625 0.041015625
9 0.94140625 0.5107421875 0.04248046875 0.033203125
9 0.86083984375 0.6162109375 0.0439453125 0.02783203125
10 0.53076171875 0.7236328125 0.04296875 0.033203125
10 0.572265625 0.810546875 0.0966796875 0.0712890625
11 0.357421875 0.11083984375 0.0771484375 0.07861328125
3 0.3134765625 0.162109375 0.07763671875 0.048828125
11 0.2236328125 0.28466796875 0.0341796875 0.0390625
9 0.4765625 0.41015625 0.029296875 0.02783203125
11 0.1865234375 0.7080078125 0.0546875 0.03955078125
12 0.8505859375 0.5634765625 0.03955078125 0.03515625
7 0.8798828125 0.52734375 0.03759765625 0.0205078125