3 0.068359375 0.1279296875 0.060546875 0.0498046875
12 0.43701171875 0.15625 0.08544921875 0.07177734375
13 0.73291015625 0.248046875 0.13818359375 0.0908203125
6 0.0361328125 0.22119140625 0.072265625 0.05419921875
12 0.5341796875 0.267578125 0.03466796875 0.03955078125
3 0.4912109375 0.3291015625 0.0703125 0.04443359375
13 0.169921875 0.39306640625 0.08984375 0.08154296875
13 0.06689453125 0.53955078125 0.08544921875 0.06640625
10 0.3974609375 0.34228515625 0.1669921875 0.150390625
10 0.32177734375 0.43017578125 0.076171875 0.05126953125
10 0.42138671875 0.42919921875 0.0908203125 0.0546875
10 0.53466796875 0.365234375 0.0830078125 0.10107421875
10 0.544921875 0.45654296875 0.1416015625 0.11474609375
10 0.6240234375 0.3564453125 0.13427734375 0.13916015625
10 0.71240234375 0.60107421875 0.06884765625 0.0986328125
10 0.669921875 0.6953125 0.068359375 0.06640625
10 0.7314453125 0.671875 0.0751953125 0.0390625
9 0.4716796875 0.80615234375 0.134765625 0.1220703125
10 0.701171875 0.8505859375 0.2841796875 0.099609375
10 0.81591796875 0.78759765625 0.1337890625 0.0771484375
10 0.599609375 0.95068359375 0.16943359375 0.060546875
10 0.43115234375 0.93017578125 0.2216796875 0.13623046875
13 0.0966796875 0.89404296875 0.193359375 0.14453125
13 0.27734375 0.89404296875 0.19091796875 0.07861328125
9 0.1865234375 0.9765625 0.1171875 0.0458984375