13 0.419921875 0.04345703125 0.13525390625 0.08642578125
2 0.08544921875 0.1982421875 0.0185546875 0.01318359375
9 0.51806640625 0.18994140625 0.046875 0.056640625
9 0.64697265625 0.44091796875 0.083984375 0.07958984375
9 0.3271484375 0.54541015625 0.10205078125 0.03125
9 0.12548828125 0.68701171875 0.0849609375 0.0634765625
9 0.42138671875 0.93017578125 0.08642578125 0.10009765625
9 0.2412109375 0.90185546875 0.04052734375 0.06005859375
12 0.3349609375 0.6796875 0.03759765625 0.03662109375
13 0.22705078125 0.2451171875 0.07666015625 0.07763671875
10 0.208984375 0.544921875 0.07470703125 0.03759765625
10 0.103515625 0.37451171875 0.06396484375 0.0546875
9 0.59423828125 0.2275390625 0.06591796875 0.03955078125
3 0.7529296875 0.32470703125 0.0478515625 0.03173828125
10 0.6728515625 0.318359375 0.02685546875 0.03076171875
13 0.193359375 0.37890625 0.0341796875 0.0390625
13 0.43212890625 0.48046875 0.04296875 0.02294921875
9 0.26806640625 0.57568359375 0.041015625 0.03173828125
13 0.44580078125 0.60888671875 0.03173828125 0.0283203125
10 0.24560546875 0.6396484375 0.0615234375 0.0341796875
10 0.20166015625 0.62744140625 0.03662109375 0.0185546875
9 0.9228515625 0.46484375 0.0732421875 0.029296875
6 0.9716796875 0.2119140625 0.056640625 0.03125
12 0.86572265625 0.21435546875 0.06640625 0.02685546875
12 0.88330078125 0.11865234375 0.03515625 0.03076171875
2 0.84375 0.08203125 0.00634765625 0.00634765625
2 0.85595703125 0.09716796875 0.00537109375 0.00927734375
11 0.46923828125 0.099609375 0.0498046875 0.02099609375
9 0.47314453125 0.07177734375 0.02099609375 0.0322265625
6 0.29833984375 0.73388671875 0.03369140625 0.03125
2 0.14599609375 0.2216796875 0.00634765625 0.00830078125
2 0.08251953125 0.2646484375 0.0078125 0.0078125
2 0.15576171875 0.2626953125 0.0078125 0.00634765625
2 0.06689453125 0.42626953125 0.017578125 0.013671875