3 0.5400390625 0.146484375 0.06201171875 0.03369140625
3 0.49267578125 0.12890625 0.029296875 0.01806640625
12 0.376953125 0.16845703125 0.0322265625 0.01904296875
3 0.77197265625 0.263671875 0.04345703125 0.02490234375
3 0.56005859375 0.318359375 0.03466796875 0.02587890625
3 0.69140625 0.30078125 0.02880859375 0.02294921875
3 0.767578125 0.296875 0.03076171875 0.02099609375
3 0.466796875 0.41845703125 0.0654296875 0.03271484375
3 0.43212890625 0.3291015625 0.0498046875 0.0341796875
13 0.45947265625 0.28271484375 0.05908203125 0.02685546875
13 0.2998046875 0.29638671875 0.05810546875 0.03662109375
13 0.47705078125 0.37744140625 0.0625 0.05078125
3 0.400390625 0.34912109375 0.0546875 0.0380859375
10 0.34130859375 0.35205078125 0.05859375 0.0859375
10 0.216796875 0.44384765625 0.21337890625 0.0869140625
10 0.59814453125 0.64404296875 0.06396484375 0.05908203125
9 0.68896484375 0.7802734375 0.06982421875 0.0263671875
3 0.44384765625 0.74365234375 0.0419921875 0.0556640625
12 0.22509765625 0.19140625 0.02978515625 0.021484375
10 0.01416015625 0.19482421875 0.0283203125 0.03125
6 0.60595703125 0.31982421875 0.0244140625 0.0244140625
6 0.55322265625 0.34521484375 0.03955078125 0.037109375
9 0.87841796875 0.3486328125 0.080078125 0.03564453125