10 0.2275390625 0.0791015625 0.12890625 0.126953125
10 0.27783203125 0.1259765625 0.08642578125 0.0712890625
10 0.19287109375 0.15087890625 0.06689453125 0.037109375
10 0.39697265625 0.1376953125 0.1201171875 0.08251953125
10 0.3662109375 0.06201171875 0.068359375 0.08056640625
10 0.43017578125 0.05126953125 0.15478515625 0.10205078125
10 0.59033203125 0.0927734375 0.16259765625 0.0244140625
10 0.5673828125 0.2080078125 0.091796875 0.11669921875
10 0.56298828125 0.29052734375 0.0693359375 0.048828125
10 0.93310546875 0.13232421875 0.13330078125 0.06982421875
10 0.9619140625 0.2353515625 0.07568359375 0.0400390625
9 0.4189453125 0.35546875 0.1025390625 0.05029296875
9 0.2294921875 0.6083984375 0.130859375 0.07666015625
9 0.12451171875 0.673828125 0.10791015625 0.0634765625
9 0.29638671875 0.71533203125 0.103515625 0.0751953125
9 0.283203125 0.63037109375 0.0830078125 0.056640625
9 0.0625 0.62158203125 0.07373046875 0.08447265625
13 0.19189453125 0.55712890625 0.3837890625 0.15185546875
13 0.13134765625 0.826171875 0.05859375 0.04296875
10 0.6513671875 0.41650390625 0.2373046875 0.12939453125
10 0.58740234375 0.50634765625 0.140625 0.07666015625
10 0.52978515625 0.56201171875 0.04296875 0.05908203125
10 0.419921875 0.51171875 0.18701171875 0.10986328125
10 0.35986328125 0.62744140625 0.17041015625 0.15625
13 0.6025390625 0.61328125 0.1025390625 0.0849609375
10 0.484375 0.55517578125 0.0654296875 0.037109375
6 0.89013671875 0.62451171875 0.11376953125 0.08935546875
6 0.89501953125 0.921875 0.13525390625 0.09619140625
2 0.703125 0.62109375 0.0087890625 0.0107421875
2 0.80712890625 0.59130859375 0.00732421875 0.01611328125
2 0.818359375 0.59375 0.015625 0.00830078125
2 0.7724609375 0.451171875 0.013671875 0.00927734375
2 0.7294921875 0.38671875 0.01220703125 0.00927734375
2 0.89990234375 0.42822265625 0.02685546875 0.00927734375
2 0.7041015625 0.591796875 0.0126953125 0.0048828125
2 0.74462890625 0.6484375 0.0078125 0.0087890625
2 0.52880859375 0.35986328125 0.01904296875 0.01611328125
2 0.494140625 0.3916015625 0.01318359375 0.0126953125
2 0.51025390625 0.32666015625 0.013671875 0.00732421875
2 0.68408203125 0.22705078125 0.0087890625 0.01123046875
3 0.30908203125 0.05517578125 0.068359375 0.04541015625