6 0.5458984375 0.09228515625 0.0361328125 0.0263671875
6 0.52978515625 0.11669921875 0.02734375 0.02294921875
6 0.58544921875 0.1884765625 0.0380859375 0.02587890625
6 0.39599609375 0.216796875 0.04541015625 0.03173828125
6 0.48193359375 0.248046875 0.0390625 0.0185546875
6 0.54296875 0.32177734375 0.02880859375 0.02294921875
6 0.421875 0.29833984375 0.04150390625 0.0400390625
6 0.43017578125 0.34521484375 0.03857421875 0.0341796875
6 0.37451171875 0.32177734375 0.03271484375 0.0341796875
6 0.32763671875 0.3564453125 0.0498046875 0.0322265625
6 0.1943359375 0.37158203125 0.03515625 0.02490234375
6 0.4501953125 0.41845703125 0.04833984375 0.0419921875
6 0.66748046875 0.46728515625 0.0478515625 0.0322265625
6 0.5927734375 0.4423828125 0.02734375 0.021484375
6 0.87158203125 0.46533203125 0.06298828125 0.0517578125
6 0.3017578125 0.91015625 0.08447265625 0.041015625
6 0.08984375 0.74609375 0.046875 0.03955078125
6 0.5400390625 0.06787109375 0.02685546875 0.0185546875
2 0.13134765625 0.04296875 0.02392578125 0.01513671875
2 0.1728515625 0.13525390625 0.025390625 0.01953125
9 0.9013671875 0.09130859375 0.064453125 0.0478515625
9 0.79833984375 0.4619140625 0.04248046875 0.04443359375
9 0.39794921875 0.42041015625 0.087890625 0.08837890625
9 0.556640625 0.5087890625 0.06005859375 0.06982421875
9 0.65869140625 0.9384765625 0.03515625 0.04345703125
9 0.71533203125 0.93017578125 0.0263671875 0.04052734375
9 0.74365234375 0.810546875 0.04345703125 0.033203125
6 0.5888671875 0.71875 0.03564453125 0.02685546875
11 0.43212890625 0.61572265625 0.04736328125 0.041015625
11 0.08740234375 0.4189453125 0.05517578125 0.0361328125
2 0.171875 0.1083984375 0.01611328125 0.0087890625
2 0.10498046875 0.142578125 0.015625 0.00927734375
2 0.55615234375 0.36767578125 0.01025390625 0.00537109375
2 0.54052734375 0.43603515625 0.01416015625 0.009765625
2 0.38330078125 0.5078125 0.0166015625 0.0126953125
6 0.67626953125 0.11865234375 0.02734375 0.01953125
6 0.56982421875 0.1064453125 0.02783203125 0.0205078125
11 0.62890625 0.52197265625 0.05615234375 0.0458984375
6 0.97314453125 0.45166015625 0.0537109375 0.05419921875