10 0.17236328125 0.1181640625 0.13818359375 0.0400390625
10 0.38818359375 0.20068359375 0.04931640625 0.08740234375
10 0.513671875 0.2734375 0.1220703125 0.02734375
10 0.49755859375 0.3720703125 0.09912109375 0.12451171875
10 0.4052734375 0.4912109375 0.1474609375 0.06005859375
10 0.53662109375 0.453125 0.12744140625 0.05126953125
10 0.3974609375 0.55517578125 0.06201171875 0.06640625
9 0.880859375 0.80517578125 0.0185546875 0.04736328125
9 0.345703125 0.6083984375 0.03271484375 0.0302734375
6 0.79150390625 0.4521484375 0.072265625 0.04638671875
13 0.08447265625 0.96728515625 0.052734375 0.037109375
13 0.16259765625 0.5771484375 0.19482421875 0.07275390625
13 0.3115234375 0.49462890625 0.06396484375 0.048828125
13 0.400390625 0.59716796875 0.05712890625 0.0556640625
13 0.57958984375 0.501953125 0.0869140625 0.0556640625
3 0.92431640625 0.255859375 0.0458984375 0.03125
9 0.29443359375 0.375 0.02978515625 0.0439453125
9 0.095703125 0.693359375 0.15380859375 0.025390625
10 0.1337890625 0.14404296875 0.052734375 0.06640625
10 0.19091796875 0.189453125 0.0693359375 0.07861328125
10 0.078125 0.2216796875 0.0927734375 0.0458984375
10 0.03271484375 0.21484375 0.06494140625 0.09814453125
13 0.251953125 0.53955078125 0.04052734375 0.05126953125
9 0.0751953125 0.67822265625 0.1103515625 0.04296875
9 0.18603515625 0.68310546875 0.05859375 0.041015625
2 0.2626953125 0.9384765625 0.00732421875 0.0087890625
2 0.267578125 0.91943359375 0.02001953125 0.01171875
9 0.37939453125 0.64697265625 0.0595703125 0.03173828125
9 0.22802734375 0.61328125 0.09326171875 0.05322265625
11 0.904296875 0.0263671875 0.0703125 0.03759765625
2 0.58251953125 0.470703125 0.01806640625 0.0107421875
2 0.85302734375 0.57177734375 0.01806640625 0.01318359375