3 0.80517578125 0.02490234375 0.0478515625 0.0341796875
3 0.962890625 0.01220703125 0.029296875 0.02294921875
11 0.77587890625 0.0859375 0.03759765625 0.03173828125
11 0.2431640625 0.06689453125 0.0537109375 0.03759765625
3 0.9326171875 0.26708984375 0.0302734375 0.02880859375
3 0.4267578125 0.31689453125 0.03662109375 0.04296875
3 0.568359375 0.3212890625 0.0673828125 0.04931640625
3 0.83251953125 0.34033203125 0.0634765625 0.04736328125
3 0.509765625 0.3876953125 0.0546875 0.03173828125
3 0.3271484375 0.447265625 0.078125 0.05322265625
3 0.560546875 0.482421875 0.07080078125 0.04931640625
3 0.1015625 0.4150390625 0.04052734375 0.0390625
3 0.13232421875 0.30615234375 0.03515625 0.0244140625
3 0.24951171875 0.4931640625 0.05810546875 0.02734375
3 0.7978515625 0.92431640625 0.06640625 0.04736328125
13 0.08984375 0.5703125 0.044921875 0.0283203125
13 0.30419921875 0.01123046875 0.033203125 0.02197265625
3 0.29345703125 0.06591796875 0.037109375 0.02490234375
13 0.0576171875 0.44189453125 0.0615234375 0.0400390625
3 0.818359375 0.810546875 0.07958984375 0.046875
9 0.578125 0.25634765625 0.02294921875 0.0244140625
9 0.552734375 0.248046875 0.02099609375 0.0341796875
3 0.87060546875 0.1708984375 0.05224609375 0.037109375