10 0.53564453125 0.51416015625 0.08154296875 0.06640625
10 0.52880859375 0.5703125 0.083984375 0.10205078125
10 0.4462890625 0.53515625 0.0712890625 0.0380859375
10 0.41650390625 0.58251953125 0.08544921875 0.06591796875
3 0.79248046875 0.021484375 0.03955078125 0.0302734375
3 0.50830078125 0.22998046875 0.0537109375 0.03564453125
3 0.1513671875 0.25048828125 0.05078125 0.02197265625
13 0.58203125 0.384765625 0.025390625 0.03564453125
13 0.857421875 0.43017578125 0.0478515625 0.0400390625
9 0.55712890625 0.69970703125 0.0869140625 0.0888671875
9 0.67431640625 0.74267578125 0.1396484375 0.07421875
9 0.42822265625 0.6591796875 0.166015625 0.07470703125
9 0.49365234375 0.69580078125 0.0751953125 0.0693359375