6 0.16064453125 0.14501953125 0.09033203125 0.06884765625
6 0.4677734375 0.06982421875 0.04052734375 0.0322265625
6 0.05126953125 0.46826171875 0.04638671875 0.02392578125
6 0.15283203125 0.57958984375 0.10498046875 0.0595703125
6 0.10009765625 0.609375 0.08447265625 0.06640625
13 0.49365234375 0.66650390625 0.0458984375 0.02978515625
3 0.4072265625 0.7265625 0.0732421875 0.05078125
10 0.46728515625 0.59375 0.1611328125 0.0849609375
9 0.5029296875 0.447265625 0.0888671875 0.11474609375
2 0.7119140625 0.93798828125 0.033203125 0.0146484375
13 0.64794921875 0.7958984375 0.0908203125 0.0615234375
13 0.66259765625 0.7392578125 0.0517578125 0.02685546875
10 0.58642578125 0.59130859375 0.064453125 0.046875
9 0.57421875 0.54736328125 0.12353515625 0.072265625
9 0.7861328125 0.494140625 0.07666015625 0.0703125
9 0.80517578125 0.384765625 0.14404296875 0.1083984375
9 0.7841796875 0.4296875 0.08203125 0.056640625
9 0.61083984375 0.6416015625 0.03662109375 0.06396484375
9 0.61328125 0.4931640625 0.13134765625 0.0478515625
9 0.67724609375 0.28076171875 0.06298828125 0.0546875
13 0.744140625 0.03271484375 0.04736328125 0.0390625
6 0.79736328125 0.13427734375 0.0810546875 0.06787109375