9 0.20751953125 0.4013671875 0.037109375 0.04150390625
9 0.19921875 0.50634765625 0.09130859375 0.044921875
3 0.23046875 0.833984375 0.13330078125 0.08984375
3 0.076171875 0.9326171875 0.095703125 0.09228515625
9 0.53857421875 0.2578125 0.06982421875 0.0400390625
2 0.55810546875 0.70068359375 0.01123046875 0.00830078125
9 0.42333984375 0.92236328125 0.0771484375 0.09716796875
12 0.9677734375 0.5634765625 0.064453125 0.05078125
13 0.6142578125 0.68212890625 0.0224609375 0.0361328125
9 0.6806640625 0.75146484375 0.09619140625 0.08740234375
3 0.8125 0.7841796875 0.07861328125 0.0478515625
9 0.333984375 0.505859375 0.06005859375 0.0107421875
9 0.46240234375 0.5595703125 0.07861328125 0.02294921875
9 0.56884765625 0.53369140625 0.1240234375 0.03173828125
9 0.36669921875 0.55615234375 0.06884765625 0.03076171875
9 0.2626953125 0.57177734375 0.03369140625 0.0458984375
9 0.408203125 0.50830078125 0.0419921875 0.03369140625
9 0.3876953125 0.61279296875 0.05908203125 0.06103515625
9 0.04931640625 0.68310546875 0.09814453125 0.0322265625
9 0.216796875 0.75439453125 0.06689453125 0.06884765625
3 0.34716796875 0.87255859375 0.02294921875 0.02392578125
12 0.8857421875 0.52880859375 0.03515625 0.03857421875