9 0.05419921875 0.16064453125 0.04248046875 0.0302734375
9 0.6240234375 0.22509765625 0.04736328125 0.0439453125
9 0.75341796875 0.4140625 0.02880859375 0.0224609375
9 0.74267578125 0.4560546875 0.0537109375 0.0185546875
9 0.79541015625 0.4482421875 0.0712890625 0.01416015625
9 0.6767578125 0.48046875 0.04150390625 0.03515625
9 0.41650390625 0.59521484375 0.04443359375 0.05712890625
9 0.69287109375 0.6201171875 0.05126953125 0.060546875
9 0.12890625 0.798828125 0.02978515625 0.033203125
10 0.87744140625 0.19482421875 0.06298828125 0.05712890625
9 0.43505859375 0.66845703125 0.029296875 0.02099609375
2 0.9384765625 0.60205078125 0.021484375 0.01171875
2 0.61083984375 0.74853515625 0.005859375 0.00830078125