10 0.28662109375 0.12744140625 0.09130859375 0.08984375
10 0.38427734375 0.10888671875 0.09228515625 0.07275390625
10 0.43212890625 0.08154296875 0.076171875 0.056640625
10 0.365234375 0.03466796875 0.09716796875 0.06298828125
9 0.453125 0.16943359375 0.02685546875 0.0341796875
9 0.47265625 0.166015625 0.02880859375 0.025390625
9 0.4541015625 0.13671875 0.03515625 0.01806640625
10 0.05078125 0.95654296875 0.10107421875 0.04833984375
10 0.59423828125 0.947265625 0.0947265625 0.09521484375
10 0.6455078125 0.97705078125 0.06591796875 0.044921875
9 0.921875 0.91357421875 0.13818359375 0.0732421875
9 0.974609375 0.97607421875 0.05078125 0.017578125
9 0.826171875 0.97216796875 0.05712890625 0.03857421875
9 0.85595703125 0.75390625 0.05078125 0.044921875
9 0.89306640625 0.73388671875 0.021484375 0.03564453125
9 0.75927734375 0.7314453125 0.04052734375 0.0234375
9 0.85595703125 0.634765625 0.10302734375 0.01953125
9 0.85400390625 0.65576171875 0.0869140625 0.0263671875
9 0.95068359375 0.7373046875 0.04931640625 0.05224609375
10 0.9267578125 0.70703125 0.06689453125 0.05810546875
10 0.94873046875 0.68359375 0.0771484375 0.0263671875
10 0.90478515625 0.658203125 0.0322265625 0.046875
10 0.96142578125 0.65625 0.0751953125 0.0380859375
9 0.8916015625 0.62353515625 0.0400390625 0.0263671875
9 0.80322265625 0.61865234375 0.041015625 0.03369140625
9 0.9091796875 0.57568359375 0.076171875 0.03759765625
9 0.93359375 0.55322265625 0.07568359375 0.06982421875
9 0.849609375 0.48974609375 0.02294921875 0.06689453125
9 0.81201171875 0.5068359375 0.06640625 0.07470703125
10 0.97802734375 0.45263671875 0.04345703125 0.0634765625
9 0.9599609375 0.3984375 0.07958984375 0.07568359375
9 0.9052734375 0.3720703125 0.0283203125 0.041015625
9 0.7177734375 0.37353515625 0.02880859375 0.04296875
10 0.97216796875 0.34130859375 0.0556640625 0.0712890625
9 0.81005859375 0.06494140625 0.05126953125 0.02734375
9 0.81103515625 0.12939453125 0.06787109375 0.06591796875
9 0.74365234375 0.1240234375 0.02978515625 0.01904296875
9 0.70703125 0.1083984375 0.0439453125 0.02490234375
9 0.67529296875 0.10498046875 0.0400390625 0.044921875
9 0.77978515625 0.13720703125 0.04931640625 0.03076171875
10 0.8154296875 0.28076171875 0.048828125 0.0498046875
10 0.7509765625 0.27685546875 0.07177734375 0.03173828125
10 0.70751953125 0.28662109375 0.06298828125 0.05224609375
10 0.69580078125 0.302734375 0.06103515625 0.04052734375
10 0.79443359375 0.34130859375 0.0859375 0.06640625
10 0.75830078125 0.30615234375 0.05322265625 0.05322265625
10 0.82861328125 0.302734375 0.08837890625 0.03173828125
9 0.658203125 0.27392578125 0.02734375 0.02978515625
9 0.5859375 0.5859375 0.08740234375 0.064453125
9 0.62890625 0.5419921875 0.06103515625 0.048828125
9 0.57421875 0.52392578125 0.0673828125 0.03466796875
9 0.578125 0.5146484375 0.11181640625 0.05859375
9 0.6533203125 0.51416015625 0.091796875 0.08349609375
10 0.55615234375 0.294921875 0.08740234375 0.09228515625
10 0.52099609375 0.2900390625 0.11181640625 0.05908203125
10 0.40478515625 0.2802734375 0.1142578125 0.06640625
10 0.57666015625 0.3701171875 0.12109375 0.08935546875
10 0.4482421875 0.3115234375 0.056640625 0.037109375
10 0.49072265625 0.33056640625 0.08837890625 0.01611328125
10 0.41357421875 0.35546875 0.13623046875 0.06591796875
10 0.484375 0.384765625 0.11376953125 0.07958984375
10 0.33544921875 0.46533203125 0.10791015625 0.08349609375
10 0.3828125 0.4326171875 0.02587890625 0.03955078125
10 0.3232421875 0.57421875 0.0712890625 0.0390625
10 0.40673828125 0.58544921875 0.05224609375 0.037109375
10 0.39111328125 0.5673828125 0.0771484375 0.03466796875
10 0.4443359375 0.5986328125 0.041015625 0.02783203125
10 0.33251953125 0.61376953125 0.0927734375 0.0361328125
10 0.400390625 0.6201171875 0.140625 0.0439453125
10 0.47314453125 0.65771484375 0.06689453125 0.05615234375
10 0.44482421875 0.6982421875 0.08740234375 0.11328125
10 0.53466796875 0.6240234375 0.11474609375 0.0419921875
10 0.140625 0.03076171875 0.0986328125 0.05908203125
10 0.92236328125 0.47265625 0.11669921875 0.11181640625