8 0.38720703125 0.1435546875 0.0126953125 0.009765625
8 0.3623046875 0.15234375 0.0166015625 0.01318359375
8 0.37548828125 0.1494140625 0.0166015625 0.01123046875
8 0.3896484375 0.1689453125 0.01708984375 0.01123046875
8 0.38818359375 0.1875 0.01611328125 0.0146484375
8 0.37353515625 0.17431640625 0.009765625 0.00830078125
10 0.12744140625 0.8125 0.22705078125 0.09375
10 0.30078125 0.86083984375 0.1787109375 0.15869140625
10 0.3935546875 0.79150390625 0.2236328125 0.1435546875
10 0.93896484375 0.7275390625 0.05859375 0.06689453125
10 0.89990234375 0.66748046875 0.07421875 0.04833984375
10 0.595703125 0.81494140625 0.099609375 0.05029296875
10 0.65625 0.744140625 0.11572265625 0.09619140625
10 0.58935546875 0.76025390625 0.03564453125 0.0703125
10 0.42041015625 0.59423828125 0.18017578125 0.1025390625
10 0.392578125 0.6640625 0.11083984375 0.0341796875
10 0.31787109375 0.64013671875 0.0908203125 0.08740234375
10 0.36669921875 0.53515625 0.0830078125 0.072265625
10 0.3125 0.546875 0.09521484375 0.1025390625
10 0.47802734375 0.4189453125 0.27587890625 0.18212890625
10 0.7041015625 0.5537109375 0.06640625 0.072265625