10 0.70654296875 0.03515625 0.0595703125 0.0703125
10 0.8203125 0.02734375 0.0361328125 0.037109375
13 0.93603515625 0.4619140625 0.04833984375 0.02685546875
3 0.693359375 0.47607421875 0.0341796875 0.03515625
13 0.73779296875 0.85400390625 0.0537109375 0.041015625
13 0.67431640625 0.8544921875 0.037109375 0.03662109375
13 0.65673828125 0.74853515625 0.0390625 0.0458984375
9 0.5810546875 0.91162109375 0.0703125 0.04248046875
2 0.4013671875 0.02978515625 0.0078125 0.01171875
10 0.259765625 0.2734375 0.03515625 0.0615234375
10 0.26318359375 0.35400390625 0.12646484375 0.09326171875
10 0.1513671875 0.37451171875 0.0966796875 0.072265625
10 0.1533203125 0.43896484375 0.13916015625 0.064453125
3 0.95751953125 0.89990234375 0.02294921875 0.0244140625
3 0.63818359375 0.82421875 0.0341796875 0.029296875
3 0.58447265625 0.6376953125 0.05810546875 0.05224609375
3 0.7705078125 0.1142578125 0.03857421875 0.02587890625
3 0.6435546875 0.0634765625 0.02685546875 0.03173828125