9 0.0615234375 0.12060546875 0.056640625 0.0341796875
9 0.43359375 0.47998046875 0.072265625 0.0341796875
9 0.552734375 0.431640625 0.10107421875 0.07373046875
9 0.974609375 0.24853515625 0.05029296875 0.03125
4 0.34716796875 0.44384765625 0.02490234375 0.0205078125
4 0.48486328125 0.4404296875 0.02783203125 0.01708984375
9 0.263671875 0.47509765625 0.05126953125 0.02880859375
9 0.29736328125 0.4453125 0.06005859375 0.0361328125
9 0.3017578125 0.951171875 0.05517578125 0.0390625
10 0.47314453125 0.224609375 0.03564453125 0.01953125
10 0.68505859375 0.56640625 0.041015625 0.02392578125
13 0.80078125 0.87548828125 0.05224609375 0.0400390625
2 0.5302734375 0.12255859375 0.01171875 0.0078125
9 0.18798828125 0.28369140625 0.0703125 0.02978515625
4 0.48193359375 0.30029296875 0.0224609375 0.01513671875
4 0.52587890625 0.3173828125 0.02490234375 0.0166015625
4 0.537109375 0.3486328125 0.0244140625 0.0185546875
4 0.513671875 0.34423828125 0.02734375 0.0166015625
4 0.4951171875 0.33984375 0.0234375 0.0185546875
4 0.4658203125 0.33984375 0.0283203125 0.01708984375
4 0.48779296875 0.37939453125 0.0234375 0.015625
4 0.53662109375 0.376953125 0.02734375 0.013671875
4 0.482421875 0.31494140625 0.025390625 0.013671875
4 0.494140625 0.32373046875 0.02880859375 0.01904296875
4 0.47314453125 0.33056640625 0.02392578125 0.01806640625
4 0.5634765625 0.31689453125 0.01806640625 0.013671875
4 0.56103515625 0.33642578125 0.03173828125 0.017578125
4 0.54345703125 0.36572265625 0.02294921875 0.01220703125
4 0.55908203125 0.396484375 0.02783203125 0.0185546875
4 0.54296875 0.423828125 0.021484375 0.01708984375
4 0.50048828125 0.4140625 0.0322265625 0.0185546875
4 0.4833984375 0.43994140625 0.02880859375 0.01953125
4 0.36181640625 0.45361328125 0.03466796875 0.0224609375
4 0.39013671875 0.45166015625 0.029296875 0.01953125
9 0.447265625 0.45263671875 0.05810546875 0.04736328125
9 0.40869140625 0.44580078125 0.03564453125 0.01904296875
11 0.24609375 0.43994140625 0.0380859375 0.03369140625
11 0.17626953125 0.55126953125 0.06201171875 0.0703125
2 0.3544921875 0.62109375 0.01025390625 0.00830078125
2 0.3330078125 0.57470703125 0.00732421875 0.0068359375
2 0.42333984375 0.578125 0.01025390625 0.005859375
2 0.40771484375 0.666015625 0.021484375 0.01123046875
2 0.11376953125 0.77978515625 0.01513671875 0.0087890625
2 0.08056640625 0.76708984375 0.00634765625 0.00927734375
2 0.0751953125 0.90869140625 0.01171875 0.01611328125
9 0.4765625 0.6962890625 0.04052734375 0.0556640625
2 0.66455078125 0.50927734375 0.00830078125 0.00927734375
2 0.79052734375 0.5703125 0.0126953125 0.00732421875
2 0.81591796875 0.61083984375 0.01025390625 0.01123046875
2 0.95068359375 0.70556640625 0.01171875 0.01416015625
2 0.77197265625 0.67041015625 0.00830078125 0.00927734375
10 0.63330078125 0.369140625 0.0625 0.04736328125