10 0.5615234375 0.65283203125 0.16259765625 0.07568359375
8 0.6572265625 0.61865234375 0.013671875 0.01708984375
8 0.67138671875 0.6123046875 0.01708984375 0.01708984375
8 0.64794921875 0.60546875 0.01806640625 0.01220703125
10 0.921875 0.1044921875 0.15625 0.12841796875
10 0.68701171875 0.1318359375 0.1220703125 0.0869140625
10 0.89453125 0.42626953125 0.10205078125 0.07763671875
10 0.63525390625 0.58984375 0.08740234375 0.08544921875
10 0.95849609375 0.63330078125 0.0830078125 0.06982421875
10 0.9091796875 0.7275390625 0.1552734375 0.123046875
10 0.65380859375 0.4990234375 0.08837890625 0.08349609375
10 0.50732421875 0.43798828125 0.08642578125 0.07421875
10 0.23681640625 0.62109375 0.154296875 0.0634765625
10 0.13525390625 0.32861328125 0.1015625 0.10498046875
10 0.142578125 0.2451171875 0.1064453125 0.0732421875
10 0.06982421875 0.27734375 0.10546875 0.056640625
10 0.142578125 0.1650390625 0.18115234375 0.1181640625
10 0.10888671875 0.400390625 0.0712890625 0.04150390625
10 0.63525390625 0.4345703125 0.08203125 0.0478515625
10 0.66748046875 0.27978515625 0.09521484375 0.109375
10 0.5341796875 0.57958984375 0.09130859375 0.0830078125
2 0.6171875 0.48876953125 0.005859375 0.00634765625
2 0.181640625 0.52001953125 0.00732421875 0.00732421875