13 0.20068359375 0.09814453125 0.21435546875 0.12646484375
13 0.15771484375 0.22216796875 0.201171875 0.0810546875
13 0.2470703125 0.32275390625 0.140625 0.12255859375
13 0.53857421875 0.36376953125 0.25537109375 0.220703125
13 0.62158203125 0.8115234375 0.40234375 0.2705078125
12 0.3857421875 0.90380859375 0.095703125 0.06005859375
3 0.71142578125 0.61572265625 0.0517578125 0.05859375
13 0.60302734375 0.59765625 0.0771484375 0.03173828125
9 0.3076171875 0.5283203125 0.0830078125 0.04541015625
13 0.12890625 0.732421875 0.08251953125 0.05908203125
13 0.79443359375 0.50634765625 0.0556640625 0.0439453125
9 0.88134765625 0.52490234375 0.056640625 0.0654296875
3 0.04541015625 0.2841796875 0.09033203125 0.06640625
6 0.06396484375 0.13671875 0.08203125 0.078125
12 0.11181640625 0.3056640625 0.0419921875 0.029296875
9 0.36474609375 0.5341796875 0.0439453125 0.0517578125
9 0.27294921875 0.556640625 0.05078125 0.05029296875
9 0.3369140625 0.4873046875 0.05126953125 0.0244140625
9 0.2119140625 0.58349609375 0.06494140625 0.02587890625
9 0.20556640625 0.49462890625 0.06884765625 0.02685546875
9 0.177734375 0.4384765625 0.0400390625 0.0458984375
5 0.36572265625 0.37060546875 0.10791015625 0.0927734375
0 0.6962890625 0.31201171875 0.076171875 0.0732421875
2 0.92236328125 0.8115234375 0.01513671875 0.01171875
2 0.74267578125 0.966796875 0.01953125 0.0166015625
12 0.3837890625 0.83984375 0.04345703125 0.0244140625