9 0.81103515625 0.74658203125 0.1015625 0.10107421875
10 0.859375 0.693359375 0.041015625 0.07080078125
10 0.86572265625 0.634765625 0.0517578125 0.0400390625
10 0.59814453125 0.5595703125 0.0654296875 0.05615234375
10 0.51220703125 0.61865234375 0.06005859375 0.12646484375
9 0.39990234375 0.7373046875 0.02685546875 0.064453125
13 0.34765625 0.396484375 0.02734375 0.0361328125
1 0.3251953125 0.40478515625 0.0224609375 0.04052734375
2 0.3935546875 0.32666015625 0.01611328125 0.02001953125
2 0.19189453125 0.93505859375 0.00830078125 0.017578125
2 0.21142578125 0.970703125 0.0087890625 0.01416015625
2 0.125 0.96826171875 0.01611328125 0.0185546875
2 0.07666015625 0.90283203125 0.005859375 0.01171875
13 0.72509765625 0.21044921875 0.0458984375 0.1123046875
2 0.63623046875 0.4326171875 0.01025390625 0.01953125
2 0.48486328125 0.4794921875 0.0078125 0.0166015625
10 0.55712890625 0.72509765625 0.04638671875 0.0595703125
10 0.927734375 0.7197265625 0.13720703125 0.1533203125
2 0.86083984375 0.412109375 0.01171875 0.01318359375
6 0.9541015625 0.15087890625 0.0615234375 0.1123046875