11 0.76708984375 0.8388671875 0.2001953125 0.1435546875
11 0.62646484375 0.8408203125 0.19775390625 0.14013671875
3 0.4052734375 0.80810546875 0.1171875 0.10986328125
3 0.15185546875 0.70361328125 0.048828125 0.0302734375
3 0.5234375 0.65625 0.06884765625 0.05322265625
3 0.4716796875 0.607421875 0.0869140625 0.0576171875
9 0.39208984375 0.5732421875 0.107421875 0.10009765625
9 0.51123046875 0.54296875 0.08251953125 0.076171875
9 0.478515625 0.44189453125 0.0615234375 0.03857421875
3 0.58544921875 0.3408203125 0.05126953125 0.0322265625
3 0.146484375 0.10400390625 0.07177734375 0.0361328125
9 0.439453125 0.109375 0.0751953125 0.0654296875
9 0.501953125 0.0830078125 0.1103515625 0.05126953125
9 0.494140625 0.1201171875 0.044921875 0.044921875
3 0.4501953125 0.90283203125 0.05322265625 0.04541015625
3 0.94091796875 0.6904296875 0.0654296875 0.06103515625