10 0.67236328125 0.54345703125 0.14111328125 0.06396484375
9 0.962890625 0.07763671875 0.07373046875 0.10595703125
9 0.2294921875 0.201171875 0.09326171875 0.07421875
9 0.6689453125 0.30908203125 0.08251953125 0.0751953125
9 0.24951171875 0.302734375 0.07080078125 0.06640625
9 0.60986328125 0.2705078125 0.14404296875 0.02197265625
6 0.76806640625 0.23046875 0.1826171875 0.0810546875
9 0.09423828125 0.29833984375 0.0498046875 0.04345703125
9 0.05859375 0.302734375 0.0732421875 0.076171875
13 0.58642578125 0.32373046875 0.056640625 0.0322265625
13 0.53515625 0.34228515625 0.078125 0.041015625
13 0.912109375 0.30615234375 0.1005859375 0.0546875
13 0.28466796875 0.17578125 0.0595703125 0.03369140625
9 0.44482421875 0.27099609375 0.080078125 0.02197265625
6 0.9345703125 0.47509765625 0.130859375 0.15478515625
13 0.68017578125 0.48486328125 0.0703125 0.0595703125
13 0.78369140625 0.67041015625 0.22119140625 0.1884765625
13 0.96337890625 0.6611328125 0.07275390625 0.07861328125
13 0.5166015625 0.798828125 0.044921875 0.0478515625
9 0.611328125 0.86474609375 0.1748046875 0.0751953125
9 0.826171875 0.89306640625 0.06005859375 0.0703125
11 0.63232421875 0.9140625 0.072265625 0.0546875
13 0.517578125 0.97509765625 0.18896484375 0.046875
13 0.080078125 0.638671875 0.1259765625 0.06201171875
6 0.677734375 0.06396484375 0.0673828125 0.1123046875