10 0.14013671875 0.1171875 0.07470703125 0.04541015625
10 0.42529296875 0.12255859375 0.11865234375 0.10498046875
10 0.25390625 0.0703125 0.15625 0.140625
10 0.36181640625 0.03857421875 0.11181640625 0.07666015625
10 0.322265625 0.18994140625 0.0654296875 0.04541015625
10 0.2548828125 0.16455078125 0.08349609375 0.06982421875
10 0.43310546875 0.19482421875 0.13232421875 0.07568359375
10 0.5224609375 0.25439453125 0.126953125 0.04736328125
10 0.537109375 0.2177734375 0.0546875 0.0634765625
10 0.3232421875 0.21728515625 0.041015625 0.037109375
10 0.32421875 0.263671875 0.06494140625 0.0400390625
10 0.41552734375 0.24658203125 0.07958984375 0.07177734375
10 0.2294921875 0.224609375 0.10595703125 0.087890625
10 0.28515625 0.236328125 0.064453125 0.064453125
10 0.1201171875 0.2421875 0.080078125 0.0439453125
10 0.25390625 0.3076171875 0.1015625 0.07666015625
10 0.34033203125 0.30029296875 0.05078125 0.068359375
10 0.14697265625 0.29931640625 0.125 0.10693359375
10 0.06005859375 0.3056640625 0.1201171875 0.09375
10 0.2392578125 0.35693359375 0.08056640625 0.06396484375
10 0.2978515625 0.42041015625 0.11767578125 0.0712890625
9 0.30859375 0.3916015625 0.06982421875 0.02783203125
10 0.390625 0.3505859375 0.08154296875 0.05224609375
10 0.12353515625 0.548828125 0.052734375 0.05517578125
10 0.072265625 0.60009765625 0.0927734375 0.046875
10 0.2275390625 0.4794921875 0.0654296875 0.07958984375
10 0.22021484375 0.55908203125 0.09375 0.0771484375
9 0.19677734375 0.45166015625 0.05419921875 0.0546875
9 0.12890625 0.50439453125 0.037109375 0.0322265625
9 0.02294921875 0.5380859375 0.0458984375 0.046875
9 0.06787109375 0.66162109375 0.04931640625 0.01953125
9 0.94873046875 0.7783203125 0.1025390625 0.07958984375
9 0.66796875 0.8876953125 0.08935546875 0.0771484375
9 0.42919921875 0.8095703125 0.12841796875 0.052734375
9 0.58837890625 0.779296875 0.0927734375 0.04541015625
9 0.4111328125 0.7763671875 0.05419921875 0.01513671875
9 0.4111328125 0.75390625 0.05078125 0.02294921875
3 0.62841796875 0.5537109375 0.048828125 0.04638671875
10 0.6552734375 0.6943359375 0.203125 0.13330078125
10 0.501953125 0.7265625 0.11572265625 0.05908203125
10 0.43115234375 0.67578125 0.09033203125 0.05126953125
10 0.4736328125 0.6708984375 0.0732421875 0.02685546875
10 0.68408203125 0.56298828125 0.0869140625 0.07861328125
10 0.6669921875 0.4423828125 0.10693359375 0.07275390625
10 0.61962890625 0.42041015625 0.0673828125 0.04345703125
10 0.59765625 0.47705078125 0.10693359375 0.0654296875
10 0.51171875 0.46435546875 0.08837890625 0.0654296875
10 0.4208984375 0.552734375 0.1005859375 0.08154296875
10 0.4228515625 0.29296875 0.06982421875 0.05810546875
10 0.416015625 0.46044921875 0.07861328125 0.0390625
10 0.36328125 0.490234375 0.048828125 0.0537109375
10 0.35791015625 0.64892578125 0.09912109375 0.08740234375
9 0.5400390625 0.8681640625 0.0751953125 0.0341796875
10 0.52880859375 0.62255859375 0.08984375 0.0576171875
10 0.30712890625 0.53466796875 0.1181640625 0.09912109375
10 0.51171875 0.39208984375 0.11669921875 0.080078125
7 0.6142578125 0.2880859375 0.04052734375 0.0302734375
8 0.466796875 0.26171875 0.01171875 0.00830078125
8 0.4560546875 0.26171875 0.0078125 0.00439453125
8 0.46728515625 0.26904296875 0.01025390625 0.005859375
8 0.46240234375 0.271484375 0.009765625 0.00634765625
8 0.4609375 0.26513671875 0.0078125 0.00634765625
4 0.60107421875 0.6806640625 0.01318359375 0.01123046875
7 0.79638671875 0.79296875 0.09423828125 0.08203125
10 0.470703125 0.9384765625 0.12158203125 0.03369140625
9 0.48974609375 0.98046875 0.0888671875 0.0390625