6 0.2216796875 0.01220703125 0.0556640625 0.0244140625
13 0.447265625 0.1015625 0.08642578125 0.06591796875
10 0.5703125 0.44677734375 0.11865234375 0.03955078125
10 0.4833984375 0.5439453125 0.12060546875 0.080078125
10 0.5009765625 0.5732421875 0.08740234375 0.044921875
9 0.552734375 0.66259765625 0.08544921875 0.04345703125
3 0.73388671875 0.97509765625 0.0732421875 0.0419921875
9 0.771484375 0.0361328125 0.0400390625 0.01953125
9 0.837890625 0.04248046875 0.041015625 0.02490234375
9 0.8984375 0.06689453125 0.02490234375 0.03759765625
9 0.97607421875 0.11474609375 0.0341796875 0.01611328125
2 0.93310546875 0.03466796875 0.02294921875 0.0205078125
2 0.9609375 0.017578125 0.037109375 0.0185546875
2 0.9580078125 0.03662109375 0.02392578125 0.013671875
2 0.9921875 0.0068359375 0.015625 0.01220703125
2 0.7353515625 0.08837890625 0.01708984375 0.00927734375
2 0.841796875 0.1533203125 0.0185546875 0.01123046875
12 0.9580078125 0.89404296875 0.05078125 0.041015625