3 0.28076171875 0.208984375 0.04443359375 0.03076171875
11 0.85400390625 0.30615234375 0.068359375 0.03564453125
11 0.7421875 0.18017578125 0.056640625 0.044921875
11 0.962890625 0.39111328125 0.03955078125 0.0283203125
11 0.291015625 0.3486328125 0.11376953125 0.0849609375
11 0.462890625 0.70703125 0.146484375 0.1298828125
11 0.30322265625 0.63671875 0.1376953125 0.07177734375
10 0.33349609375 0.046875 0.25439453125 0.09326171875
3 0.67041015625 0.765625 0.044921875 0.05078125
4 0.62158203125 0.77392578125 0.0283203125 0.02490234375
3 0.88134765625 0.81884765625 0.05126953125 0.064453125
3 0.0888671875 0.6689453125 0.0390625 0.0380859375
3 0.57373046875 0.7626953125 0.05517578125 0.04345703125
7 0.71533203125 0.720703125 0.16650390625 0.09326171875
7 0.5517578125 0.6767578125 0.09423828125 0.0419921875
7 0.5126953125 0.77880859375 0.08544921875 0.04541015625
7 0.95947265625 0.8779296875 0.0810546875 0.064453125
7 0.97412109375 0.95556640625 0.0517578125 0.072265625
7 0.84521484375 0.89111328125 0.109375 0.0625
7 0.8251953125 0.7861328125 0.0703125 0.1083984375
7 0.712890625 0.859375 0.03369140625 0.02685546875
7 0.73681640625 0.87890625 0.0380859375 0.03759765625
7 0.744140625 0.91943359375 0.02685546875 0.037109375
7 0.51416015625 0.9599609375 0.11083984375 0.07958984375
3 0.306640625 0.890625 0.0751953125 0.046875
3 0.59765625 0.41064453125 0.07275390625 0.04248046875
3 0.9521484375 0.11767578125 0.046875 0.04541015625
3 0.22900390625 0.484375 0.072265625 0.0517578125
3 0.14453125 0.5146484375 0.05908203125 0.0625
7 0.45947265625 0.80908203125 0.0419921875 0.0341796875
0 0.08837890625 0.26123046875 0.1767578125 0.17431640625
0 0.072265625 0.083984375 0.14404296875 0.166015625
11 0.615234375 0.79736328125 0.05810546875 0.0673828125
4 0.65087890625 0.79443359375 0.029296875 0.021484375
4 0.6123046875 0.728515625 0.02978515625 0.0205078125
4 0.64013671875 0.73779296875 0.02978515625 0.0224609375
4 0.6669921875 0.7294921875 0.0380859375 0.02392578125
9 0.74169921875 0.9033203125 0.1171875 0.13134765625
9 0.7119140625 0.81982421875 0.0751953125 0.0517578125
9 0.71044921875 0.77587890625 0.029296875 0.07568359375
9 0.720703125 0.69189453125 0.0673828125 0.087890625
9 0.8115234375 0.64404296875 0.0849609375 0.0458984375
9 0.93896484375 0.66796875 0.1181640625 0.044921875
9 0.9482421875 0.81005859375 0.08203125 0.05859375
9 0.91357421875 0.74609375 0.02783203125 0.072265625
9 0.83740234375 0.71044921875 0.091796875 0.0283203125
9 0.8466796875 0.6923828125 0.10986328125 0.056640625
9 0.87939453125 0.7421875 0.06689453125 0.04248046875