3 0.75927734375 0.24755859375 0.0556640625 0.0361328125
13 0.744140625 0.37890625 0.08251953125 0.0439453125
13 0.7529296875 0.34130859375 0.064453125 0.04345703125
9 0.65869140625 0.5068359375 0.04150390625 0.0419921875
10 0.52001953125 0.60205078125 0.15869140625 0.08203125
9 0.1240234375 0.978515625 0.0419921875 0.04248046875
2 0.0556640625 0.94873046875 0.0126953125 0.015625
2 0.69189453125 0.08544921875 0.0234375 0.017578125
13 0.92333984375 0.2919921875 0.0595703125 0.044921875
13 0.927734375 0.7880859375 0.046875 0.04736328125
9 0.953125 0.79443359375 0.0927734375 0.05615234375