13 0.14794921875 0.1669921875 0.09619140625 0.05078125
13 0.744140625 0.17333984375 0.1943359375 0.13037109375
10 0.50244140625 0.3564453125 0.04736328125 0.09521484375
10 0.9541015625 0.40087890625 0.087890625 0.0498046875
10 0.6005859375 0.5458984375 0.12841796875 0.05029296875
10 0.47265625 0.54150390625 0.12255859375 0.0625
10 0.4716796875 0.59228515625 0.09716796875 0.03955078125
10 0.55615234375 0.59130859375 0.064453125 0.0556640625
6 0.22998046875 0.88720703125 0.04150390625 0.03857421875
6 0.2626953125 0.88427734375 0.068359375 0.06982421875
9 0.9384765625 0.06005859375 0.123046875 0.06298828125