10 0.35400390625 0.06103515625 0.09228515625 0.07666015625
10 0.26171875 0.08154296875 0.09130859375 0.03857421875
10 0.2802734375 0.19189453125 0.1708984375 0.10595703125
10 0.59130859375 0.16650390625 0.04541015625 0.03759765625
10 0.6259765625 0.1318359375 0.0595703125 0.1083984375
10 0.64794921875 0.064453125 0.03466796875 0.05517578125
9 0.56689453125 0.04052734375 0.03759765625 0.07177734375
9 0.5078125 0.02587890625 0.03759765625 0.0517578125
9 0.3935546875 0.06005859375 0.06494140625 0.0732421875
10 0.421875 0.12451171875 0.05078125 0.04638671875
10 0.41455078125 0.14990234375 0.0234375 0.03564453125
10 0.384765625 0.1533203125 0.044921875 0.06591796875
10 0.3671875 0.28662109375 0.0810546875 0.04638671875
10 0.38037109375 0.25732421875 0.08544921875 0.06201171875
9 0.74951171875 0.0810546875 0.08740234375 0.05908203125
9 0.69140625 0.1240234375 0.0400390625 0.0703125
9 0.8251953125 0.13232421875 0.09326171875 0.04443359375
9 0.80517578125 0.0908203125 0.03076171875 0.0869140625
10 0.8896484375 0.1171875 0.12646484375 0.10009765625
8 0.890625 0.0888671875 0.0185546875 0.015625
10 0.703125 0.17919921875 0.08056640625 0.0625
10 0.75439453125 0.2021484375 0.05908203125 0.0693359375
10 0.939453125 0.19580078125 0.1201171875 0.10986328125
10 0.8388671875 0.17041015625 0.10888671875 0.11328125
10 0.84814453125 0.2783203125 0.14697265625 0.1103515625
10 0.95068359375 0.31591796875 0.0986328125 0.087890625
10 0.52685546875 0.283203125 0.14892578125 0.14111328125
10 0.54736328125 0.21337890625 0.1435546875 0.12841796875
10 0.671875 0.251953125 0.13134765625 0.0634765625
10 0.68115234375 0.35302734375 0.123046875 0.134765625
10 0.5732421875 0.41015625 0.06201171875 0.07568359375
10 0.80712890625 0.81884765625 0.05615234375 0.03369140625
10 0.64404296875 0.78271484375 0.048828125 0.0302734375
10 0.70849609375 0.67333984375 0.07666015625 0.06201171875
10 0.6435546875 0.6552734375 0.0703125 0.05126953125
10 0.630859375 0.8681640625 0.04931640625 0.0625
10 0.57958984375 0.85205078125 0.05029296875 0.08349609375
10 0.53076171875 0.9052734375 0.0947265625 0.0458984375
10 0.416015625 0.95263671875 0.10791015625 0.05078125
10 0.5048828125 0.9384765625 0.09130859375 0.03955078125
10 0.435546875 0.90478515625 0.0615234375 0.0693359375
10 0.50341796875 0.876953125 0.04736328125 0.0478515625
10 0.470703125 0.86376953125 0.06201171875 0.02685546875
10 0.40283203125 0.841796875 0.0498046875 0.0888671875
10 0.48291015625 0.822265625 0.10595703125 0.04931640625
10 0.4970703125 0.78271484375 0.1240234375 0.02734375
10 0.49755859375 0.755859375 0.09619140625 0.0556640625
10 0.48046875 0.68505859375 0.05126953125 0.02978515625
10 0.4833984375 0.638671875 0.150390625 0.1396484375
10 0.41943359375 0.64306640625 0.078125 0.10009765625
10 0.37451171875 0.6259765625 0.0498046875 0.0869140625
10 0.48193359375 0.55029296875 0.11083984375 0.044921875
10 0.49462890625 0.5380859375 0.14208984375 0.056640625
10 0.626953125 0.6005859375 0.11376953125 0.07958984375
10 0.52392578125 0.4560546875 0.08740234375 0.044921875
10 0.50634765625 0.49267578125 0.06982421875 0.048828125
10 0.62109375 0.42333984375 0.10400390625 0.056640625
10 0.615234375 0.37939453125 0.10400390625 0.06787109375
10 0.34375 0.35107421875 0.13720703125 0.08984375
10 0.302734375 0.36083984375 0.07177734375 0.05078125
10 0.37255859375 0.412109375 0.1279296875 0.07470703125
10 0.171875 0.43310546875 0.24609375 0.13134765625
10 0.1533203125 0.62646484375 0.1435546875 0.12109375
10 0.20361328125 0.7646484375 0.1328125 0.1162109375
3 0.1240234375 0.9013671875 0.08056640625 0.0712890625
3 0.1259765625 0.75927734375 0.07080078125 0.064453125
7 0.1396484375 0.716796875 0.0576171875 0.03955078125
7 0.201171875 0.701171875 0.03173828125 0.0263671875
7 0.2978515625 0.642578125 0.06689453125 0.05322265625
3 0.2138671875 0.63623046875 0.0341796875 0.025390625
3 0.134765625 0.57275390625 0.0673828125 0.0556640625
7 0.240234375 0.54052734375 0.0712890625 0.06201171875
7 0.19580078125 0.49560546875 0.03857421875 0.0361328125
7 0.24951171875 0.48681640625 0.046875 0.056640625
7 0.2734375 0.43408203125 0.0419921875 0.04443359375
7 0.2138671875 0.359375 0.1064453125 0.1142578125
7 0.2119140625 0.1513671875 0.03173828125 0.01953125
7 0.25537109375 0.0380859375 0.1201171875 0.076171875
7 0.20654296875 0.11279296875 0.04443359375 0.0322265625
8 0.5419921875 0.1826171875 0.021484375 0.01513671875
8 0.5400390625 0.05712890625 0.01171875 0.01123046875
10 0.6064453125 0.54541015625 0.11474609375 0.07275390625
10 0.63232421875 0.4765625 0.10791015625 0.046875
10 0.2646484375 0.60693359375 0.095703125 0.07275390625
10 0.36669921875 0.4814453125 0.11181640625 0.0751953125
10 0.36865234375 0.51171875 0.056640625 0.04736328125
10 0.3818359375 0.55712890625 0.08740234375 0.06494140625
8 0.884765625 0.04052734375 0.01416015625 0.0146484375
2 0.96240234375 0.09716796875 0.01416015625 0.00830078125