3 0.05810546875 0.84033203125 0.0361328125 0.03076171875
7 0.09716796875 0.82421875 0.0283203125 0.02392578125
7 0.34619140625 0.7978515625 0.06201171875 0.02978515625
7 0.283203125 0.841796875 0.06640625 0.04833984375
7 0.31640625 0.91064453125 0.0283203125 0.02099609375
7 0.23779296875 0.7568359375 0.04736328125 0.04345703125
4 0.26220703125 0.716796875 0.02783203125 0.02197265625
3 0.94775390625 0.54541015625 0.02880859375 0.02294921875
7 0.55322265625 0.77001953125 0.0361328125 0.03271484375
7 0.029296875 0.77490234375 0.05859375 0.0654296875
7 0.62744140625 0.6328125 0.06640625 0.02197265625
0 0.4765625 0.5732421875 0.18115234375 0.17724609375
0 0.34326171875 0.71044921875 0.1806640625 0.154296875
0 0.53369140625 0.37109375 0.14501953125 0.23388671875
0 0.587890625 0.18701171875 0.31982421875 0.29638671875
0 0.12646484375 0.5947265625 0.2529296875 0.185546875
0 0.05810546875 0.16845703125 0.1162109375 0.3369140625
0 0.09619140625 0.4267578125 0.1923828125 0.1533203125
0 0.52783203125 0.79443359375 0.12744140625 0.212890625
0 0.4609375 0.96875 0.1123046875 0.0625
0 0.1484375 0.95849609375 0.0595703125 0.04833984375
3 0.22265625 0.97119140625 0.0478515625 0.033203125
7 0.1484375 0.8076171875 0.0517578125 0.0478515625
3 0.8330078125 0.41650390625 0.0341796875 0.0205078125
8 0.91455078125 0.48486328125 0.02001953125 0.01220703125
8 0.88720703125 0.478515625 0.02978515625 0.0205078125
8 0.87109375 0.48388671875 0.01806640625 0.0146484375
8 0.703125 0.45068359375 0.01904296875 0.01318359375
8 0.70703125 0.46240234375 0.0244140625 0.0166015625
8 0.73681640625 0.47412109375 0.025390625 0.00927734375
8 0.73779296875 0.48193359375 0.02197265625 0.01318359375
8 0.716796875 0.47998046875 0.017578125 0.01171875
9 0.76611328125 0.53271484375 0.12646484375 0.06787109375
2 0.76953125 0.9599609375 0.0107421875 0.02001953125