11 0.1630859375 0.08740234375 0.111328125 0.080078125
11 0.39208984375 0.05712890625 0.0986328125 0.04443359375
11 0.365234375 0.24658203125 0.10546875 0.09765625
13 0.26513671875 0.27685546875 0.03564453125 0.0361328125
13 0.328125 0.4326171875 0.04736328125 0.04150390625
13 0.27490234375 0.39208984375 0.07177734375 0.02880859375
0 0.42041015625 0.3935546875 0.125 0.0771484375
10 0.41845703125 0.29638671875 0.119140625 0.08349609375
10 0.3359375 0.32177734375 0.0703125 0.0712890625
10 0.35595703125 0.18994140625 0.09228515625 0.09521484375
10 0.3681640625 0.9423828125 0.140625 0.0693359375
10 0.4765625 0.9404296875 0.13623046875 0.0888671875
10 0.4130859375 0.84423828125 0.09912109375 0.1005859375
3 0.41796875 0.96630859375 0.09228515625 0.06591796875
10 0.5654296875 0.716796875 0.083984375 0.138671875
10 0.375 0.52099609375 0.09130859375 0.05126953125
10 0.5 0.5390625 0.0751953125 0.06689453125
10 0.59033203125 0.6015625 0.16259765625 0.0576171875
13 0.84326171875 0.076171875 0.10498046875 0.06201171875
10 0.7978515625 0.4169921875 0.099609375 0.0390625
10 0.90234375 0.43505859375 0.06982421875 0.06201171875