13 0.43994140625 0.044921875 0.04443359375 0.04248046875
10 0.02978515625 0.09521484375 0.0595703125 0.0361328125
0 0.251953125 0.240234375 0.0732421875 0.064453125
10 0.6611328125 0.3955078125 0.0439453125 0.02099609375
3 0.3125 0.392578125 0.0537109375 0.03125
3 0.39208984375 0.35888671875 0.04931640625 0.0400390625
0 0.03759765625 0.41845703125 0.0498046875 0.0390625
13 0.4091796875 0.39794921875 0.1484375 0.046875
13 0.24169921875 0.44970703125 0.064453125 0.0498046875
13 0.294921875 0.5 0.10595703125 0.10791015625
13 0.20849609375 0.52099609375 0.0380859375 0.0595703125
13 0.20361328125 0.61083984375 0.07373046875 0.0546875
13 0.49365234375 0.78857421875 0.09619140625 0.0615234375
13 0.58154296875 0.92919921875 0.05517578125 0.0478515625
13 0.37451171875 0.888671875 0.0625 0.05322265625
13 0.26123046875 0.78271484375 0.05126953125 0.03173828125
9 0.0947265625 0.646484375 0.060546875 0.03759765625
10 0.224609375 0.66455078125 0.11376953125 0.044921875
10 0.28125 0.64306640625 0.10107421875 0.02685546875
2 0.44482421875 0.56005859375 0.0185546875 0.01220703125
0 0.24560546875 0.345703125 0.095703125 0.07861328125
10 0.525390625 0.9130859375 0.09716796875 0.06103515625
10 0.8662109375 0.86572265625 0.03662109375 0.04833984375
10 0.4912109375 0.7275390625 0.05322265625 0.06298828125
10 0.5146484375 0.85107421875 0.10595703125 0.07763671875
10 0.31494140625 0.5419921875 0.068359375 0.0615234375
10 0.2880859375 0.02880859375 0.08203125 0.0576171875
2 0.447265625 0.08056640625 0.0107421875 0.00732421875
2 0.5322265625 0.568359375 0.0087890625 0.0048828125
2 0.01123046875 0.6083984375 0.01123046875 0.0107421875
0 0.6552734375 0.88623046875 0.14208984375 0.150390625
9 0.7490234375 0.30419921875 0.0517578125 0.02978515625
9 0.80810546875 0.30712890625 0.04736328125 0.05419921875