13 0.49365234375 0.076171875 0.09912109375 0.03515625
3 0.68994140625 0.2158203125 0.04736328125 0.02685546875
3 0.2060546875 0.32958984375 0.048828125 0.04931640625
3 0.51318359375 0.7099609375 0.05078125 0.03125
13 0.46337890625 0.80517578125 0.03466796875 0.0322265625
3 0.1875 0.5986328125 0.07275390625 0.0419921875
3 0.29296875 0.546875 0.0546875 0.04541015625
6 0.28271484375 0.78271484375 0.06396484375 0.03173828125
4 0.60791015625 0.52294921875 0.0205078125 0.0146484375
4 0.66748046875 0.49365234375 0.01318359375 0.013671875
13 0.21044921875 0.21435546875 0.0615234375 0.07763671875
2 0.21533203125 0.27197265625 0.009765625 0.00634765625
2 0.20263671875 0.2841796875 0.0107421875 0.00390625
2 0.40234375 0.3974609375 0.0068359375 0.00830078125
2 0.42041015625 0.40283203125 0.0068359375 0.00830078125
2 0.39892578125 0.40869140625 0.009765625 0.0078125
4 0.677734375 0.509765625 0.01708984375 0.0146484375
4 0.6552734375 0.51806640625 0.0205078125 0.017578125
4 0.67041015625 0.54345703125 0.01708984375 0.01123046875
4 0.64453125 0.53759765625 0.01708984375 0.01123046875
4 0.62939453125 0.53515625 0.0146484375 0.01220703125
4 0.6171875 0.513671875 0.01904296875 0.01318359375
7 0.5 0.5517578125 0.01220703125 0.01025390625
9 0.66796875 0.3623046875 0.0205078125 0.02001953125