4 0.2021484375 0.02392578125 0.0283203125 0.017578125
13 0.34228515625 0.0390625 0.060546875 0.03955078125
3 0.14013671875 0.14404296875 0.0615234375 0.04638671875
9 0.2958984375 0.15283203125 0.03271484375 0.064453125
9 0.3544921875 0.08740234375 0.07177734375 0.04541015625
2 0.0615234375 0.04052734375 0.02880859375 0.01513671875
9 0.33642578125 0.1494140625 0.015625 0.0234375
10 0.0458984375 0.345703125 0.091796875 0.06298828125
10 0.275390625 0.3193359375 0.0595703125 0.091796875
10 0.40869140625 0.689453125 0.08642578125 0.10546875
10 0.39404296875 0.5703125 0.12060546875 0.05712890625
10 0.54345703125 0.59033203125 0.130859375 0.08837890625
10 0.587890625 0.51318359375 0.12109375 0.11083984375
2 0.64794921875 0.42822265625 0.0166015625 0.015625
2 0.4873046875 0.201171875 0.017578125 0.00830078125
10 0.76611328125 0.158203125 0.080078125 0.0673828125
3 0.90576171875 0.42822265625 0.04248046875 0.0322265625
2 0.818359375 0.45751953125 0.017578125 0.0146484375
10 0.91064453125 0.568359375 0.08349609375 0.0634765625
13 0.6611328125 0.693359375 0.083984375 0.05322265625
9 0.9736328125 0.78515625 0.052734375 0.0703125