13 0.25927734375 0.13916015625 0.0986328125 0.0400390625
11 0.2802734375 0.17626953125 0.07666015625 0.04541015625
13 0.6171875 0.31396484375 0.1025390625 0.0791015625
3 0.85595703125 0.2001953125 0.04736328125 0.02978515625
13 0.533203125 0.31005859375 0.0419921875 0.0302734375
12 0.75 0.380859375 0.04833984375 0.04931640625
3 0.84033203125 0.46826171875 0.05859375 0.04052734375
3 0.86083984375 0.5712890625 0.07177734375 0.0517578125
3 0.8994140625 0.61669921875 0.07470703125 0.04248046875
2 0.2890625 0.76171875 0.0283203125 0.0234375
2 0.23046875 0.7685546875 0.01708984375 0.015625
3 0.2109375 0.92822265625 0.07373046875 0.1044921875
9 0.90283203125 0.93701171875 0.0556640625 0.052734375
13 0.2216796875 0.6455078125 0.09130859375 0.15771484375
13 0.0625 0.3857421875 0.05517578125 0.03369140625
6 0.2412109375 0.71533203125 0.0244140625 0.03369140625
6 0.41455078125 0.5478515625 0.04248046875 0.029296875
9 0.3544921875 0.50927734375 0.029296875 0.013671875
13 0.310546875 0.35302734375 0.0439453125 0.05126953125
13 0.37841796875 0.27880859375 0.04833984375 0.02099609375
6 0.96923828125 0.32470703125 0.0615234375 0.044921875
12 0.8134765625 0.41162109375 0.04052734375 0.03759765625