5 0.5009765625 0.10107421875 0.06982421875 0.05810546875
11 0.97216796875 0.1416015625 0.0556640625 0.0703125
9 0.27587890625 0.23046875 0.10498046875 0.0546875
9 0.96435546875 0.5126953125 0.07080078125 0.07421875
9 0.85400390625 0.828125 0.02783203125 0.06787109375
9 0.77880859375 0.8876953125 0.04541015625 0.048828125
9 0.537109375 0.8662109375 0.09033203125 0.0556640625
13 0.82421875 0.68017578125 0.18994140625 0.14501953125
13 0.92578125 0.8251953125 0.1357421875 0.14111328125
12 0.45654296875 0.4560546875 0.08935546875 0.052734375
9 0.97802734375 0.28369140625 0.0439453125 0.060546875
6 0.11328125 0.013671875 0.04052734375 0.02685546875
6 0.12158203125 0.40625 0.04541015625 0.03076171875
2 0.20556640625 0.4453125 0.01708984375 0.0068359375
11 0.08984375 0.39990234375 0.0263671875 0.02001953125
9 0.33837890625 0.69091796875 0.0615234375 0.04052734375
9 0.291015625 0.69482421875 0.06689453125 0.06494140625
12 0.5263671875 0.23291015625 0.0712890625 0.05029296875
12 0.5595703125 0.27099609375 0.0380859375 0.033203125
12 0.591796875 0.23193359375 0.037109375 0.03662109375
12 0.50048828125 0.15771484375 0.0361328125 0.025390625
9 0.3779296875 0.19873046875 0.0654296875 0.017578125
9 0.4150390625 0.24951171875 0.07470703125 0.0400390625
9 0.40234375 0.2822265625 0.05224609375 0.05029296875
9 0.57763671875 0.42724609375 0.0322265625 0.03759765625
12 0.73583984375 0.12451171875 0.033203125 0.0166015625
0 0.7666015625 0.140625 0.041015625 0.0283203125
12 0.68994140625 0.208984375 0.03466796875 0.03125
12 0.65966796875 0.2333984375 0.078125 0.0400390625
9 0.66455078125 0.27099609375 0.0673828125 0.04296875
9 0.66162109375 0.35400390625 0.04931640625 0.02294921875
9 0.634765625 0.3251953125 0.03759765625 0.037109375
9 0.52783203125 0.3359375 0.0771484375 0.07861328125
9 0.494140625 0.314453125 0.06103515625 0.03759765625
9 0.5947265625 0.34326171875 0.05224609375 0.06103515625
9 0.63427734375 0.45654296875 0.04150390625 0.03125
9 0.60205078125 0.4755859375 0.02783203125 0.0244140625
2 0.640625 0.65771484375 0.005859375 0.00732421875
2 0.70751953125 0.6328125 0.00537109375 0.005859375
2 0.7353515625 0.6513671875 0.0078125 0.0078125
12 0.77099609375 0.2958984375 0.0263671875 0.01611328125
2 0.802734375 0.3388671875 0.009765625 0.00634765625
1 0.724609375 0.943359375 0.06591796875 0.06591796875
2 0.9169921875 0.58642578125 0.0078125 0.00634765625
9 0.91455078125 0.353515625 0.04638671875 0.046875
9 0.96240234375 0.40234375 0.07470703125 0.041015625
9 0.984375 0.38037109375 0.025390625 0.05615234375
9 0.9677734375 0.28515625 0.064453125 0.02001953125
12 0.888671875 0.0966796875 0.04931640625 0.0205078125