13 0.27001953125 0.78271484375 0.09619140625 0.09228515625
13 0.365234375 0.6982421875 0.087890625 0.0703125
13 0.431640625 0.70166015625 0.02880859375 0.017578125
13 0.39306640625 0.7470703125 0.02392578125 0.02099609375
13 0.40576171875 0.75927734375 0.025390625 0.02099609375
13 0.76123046875 0.75 0.15673828125 0.07861328125
13 0.04443359375 0.70556640625 0.03662109375 0.0400390625
13 0.47607421875 0.55859375 0.0380859375 0.03125
13 0.54541015625 0.5791015625 0.046875 0.03173828125
13 0.61865234375 0.5654296875 0.0595703125 0.0419921875
13 0.87255859375 0.50732421875 0.07080078125 0.072265625
13 0.9150390625 0.45751953125 0.0498046875 0.03955078125
13 0.470703125 0.45068359375 0.10546875 0.0791015625
13 0.47998046875 0.3857421875 0.076171875 0.044921875
13 0.7255859375 0.39453125 0.04150390625 0.0302734375
13 0.71533203125 0.3740234375 0.03857421875 0.0234375
9 0.25830078125 0.0166015625 0.0703125 0.03125
9 0.2451171875 0.04541015625 0.03955078125 0.01611328125
7 0.4287109375 0.3203125 0.02978515625 0.02685546875
13 0.04833984375 0.39794921875 0.0966796875 0.05322265625
13 0.3779296875 0.3642578125 0.08154296875 0.07763671875
13 0.49853515625 0.29345703125 0.03955078125 0.0546875
2 0.13623046875 0.56103515625 0.0107421875 0.01123046875
2 0.24169921875 0.662109375 0.01416015625 0.00830078125
9 0.134765625 0.74658203125 0.07763671875 0.05224609375
9 0.1650390625 0.6962890625 0.0419921875 0.0283203125
2 0.6826171875 0.36767578125 0.01611328125 0.0107421875
1 0.853515625 0.65576171875 0.0439453125 0.0400390625
13 0.54931640625 0.62451171875 0.03857421875 0.033203125
10 0.7080078125 0.45703125 0.05029296875 0.0517578125
10 0.68505859375 0.4501953125 0.02978515625 0.04345703125
10 0.6435546875 0.43896484375 0.07373046875 0.0546875
10 0.62353515625 0.49169921875 0.09130859375 0.02099609375