13 0.05517578125 0.25634765625 0.0302734375 0.04931640625
13 0.75927734375 0.53515625 0.08154296875 0.13427734375
5 0.88330078125 0.12841796875 0.2333984375 0.244140625
3 0.59228515625 0.81884765625 0.18798828125 0.21044921875
12 0.5625 0.677734375 0.09375 0.087890625
3 0.44677734375 0.57958984375 0.04296875 0.0810546875
13 0.2578125 0.7822265625 0.0869140625 0.0615234375
9 0.37109375 0.85888671875 0.09423828125 0.08056640625
9 0.4541015625 0.654296875 0.041015625 0.0380859375
9 0.845703125 0.92236328125 0.109375 0.09619140625
13 0.71923828125 0.97705078125 0.06396484375 0.041015625
13 0.88037109375 0.8671875 0.04248046875 0.083984375
13 0.8388671875 0.75634765625 0.03564453125 0.0576171875
13 0.60546875 0.31201171875 0.07568359375 0.11767578125
13 0.7197265625 0.2890625 0.1123046875 0.13037109375
13 0.73095703125 0.03759765625 0.14501953125 0.0751953125
13 0.72216796875 0.19482421875 0.05126953125 0.04541015625
13 0.69970703125 0.41455078125 0.07861328125 0.12255859375
9 0.40673828125 0.6923828125 0.06201171875 0.02099609375
9 0.81689453125 0.64697265625 0.06396484375 0.0673828125
9 0.85205078125 0.6240234375 0.03466796875 0.02783203125
9 0.892578125 0.65478515625 0.06494140625 0.05322265625
9 0.95361328125 0.53173828125 0.09130859375 0.09033203125
9 0.927734375 0.5380859375 0.05712890625 0.06005859375
13 0.7216796875 0.77587890625 0.0595703125 0.0537109375
13 0.79833984375 0.9697265625 0.0810546875 0.060546875
13 0.7734375 0.70458984375 0.04052734375 0.0400390625
11 0.50146484375 0.8232421875 0.16650390625 0.2158203125
9 0.4365234375 0.951171875 0.03515625 0.09716796875
6 0.53173828125 0.38720703125 0.07666015625 0.0615234375
9 0.43896484375 0.31689453125 0.0546875 0.0458984375
13 0.36767578125 0.0400390625 0.025390625 0.04345703125
6 0.59228515625 0.52783203125 0.04296875 0.05517578125
13 0.48291015625 0.47509765625 0.02880859375 0.03515625
13 0.7138671875 0.5400390625 0.0166015625 0.0576171875
6 0.3369140625 0.89599609375 0.13232421875 0.2080078125
6 0.17822265625 0.7998046875 0.09375 0.10400390625
6 0.73095703125 0.861328125 0.07958984375 0.1435546875
6 0.58984375 0.95849609375 0.14501953125 0.08251953125
6 0.484375 0.36328125 0.0556640625 0.1552734375