9 0.24609375 0.037109375 0.04248046875 0.03125
11 0.73291015625 0.25537109375 0.07421875 0.05810546875
9 0.78955078125 0.1904296875 0.0615234375 0.025390625
3 0.7880859375 0.22119140625 0.072265625 0.03857421875
3 0.6982421875 0.234375 0.056640625 0.0439453125
13 0.353515625 0.2587890625 0.0869140625 0.0703125
13 0.34619140625 0.3271484375 0.11669921875 0.06005859375
13 0.71435546875 0.431640625 0.0966796875 0.05517578125
13 0.82861328125 0.955078125 0.0654296875 0.068359375
11 0.037109375 0.4111328125 0.07421875 0.044921875
13 0.3017578125 0.892578125 0.0615234375 0.0400390625
3 0.33203125 0.78271484375 0.0458984375 0.03369140625
12 0.45703125 0.57763671875 0.09228515625 0.0703125
9 0.87841796875 0.2890625 0.05517578125 0.0771484375
11 0.62109375 0.0546875 0.0478515625 0.0400390625
9 0.333984375 0.08935546875 0.03466796875 0.01806640625
12 0.23974609375 0.126953125 0.056640625 0.0205078125
9 0.2900390625 0.0595703125 0.033203125 0.0205078125
9 0.5244140625 0.14501953125 0.0205078125 0.04150390625
9 0.58447265625 0.16015625 0.0556640625 0.01953125
9 0.52099609375 0.1982421875 0.0322265625 0.01806640625
9 0.38671875 0.1083984375 0.02490234375 0.021484375
6 0.62353515625 0.21240234375 0.052734375 0.029296875
9 0.5927734375 0.11083984375 0.0419921875 0.02099609375
9 0.67724609375 0.1220703125 0.021484375 0.02587890625
9 0.8466796875 0.1328125 0.037109375 0.02197265625
13 0.54541015625 0.42333984375 0.0341796875 0.03076171875
3 0.37890625 0.41748046875 0.0380859375 0.02685546875