10 0.458984375 0.43798828125 0.1376953125 0.18798828125
10 0.427734375 0.541015625 0.13330078125 0.07080078125
10 0.39453125 0.1953125 0.0791015625 0.06396484375
9 0.58203125 0.5576171875 0.111328125 0.0771484375
6 0.5908203125 0.4912109375 0.05810546875 0.04541015625
6 0.58740234375 0.17138671875 0.09423828125 0.06201171875
13 0.2919921875 0.0947265625 0.0595703125 0.05029296875
6 0.28271484375 0.783203125 0.06982421875 0.06884765625
9 0.8017578125 0.52001953125 0.09521484375 0.056640625
6 0.74755859375 0.2119140625 0.08447265625 0.06787109375
13 0.73974609375 0.2724609375 0.14794921875 0.09375
13 0.91259765625 0.27587890625 0.1748046875 0.111328125
9 0.65771484375 0.31689453125 0.03125 0.0576171875
9 0.0732421875 0.92626953125 0.068359375 0.0380859375
2 0.603515625 0.5283203125 0.0087890625 0.0048828125
2 0.75732421875 0.03857421875 0.01416015625 0.01318359375