9 0.94970703125 0.0654296875 0.0732421875 0.03271484375
9 0.77880859375 0.0234375 0.1220703125 0.0458984375
7 0.66845703125 0.1669921875 0.02587890625 0.0205078125
7 0.59228515625 0.205078125 0.0859375 0.05419921875
7 0.64501953125 0.2314453125 0.02490234375 0.02099609375
7 0.71875 0.23779296875 0.087890625 0.08251953125
7 0.60107421875 0.294921875 0.060546875 0.0302734375
7 0.66015625 0.29638671875 0.04296875 0.04736328125
7 0.783203125 0.28076171875 0.0546875 0.02978515625
7 0.74072265625 0.30810546875 0.02294921875 0.021484375
7 0.82275390625 0.326171875 0.021484375 0.0205078125
7 0.27294921875 0.181640625 0.02734375 0.015625
7 0.33740234375 0.19091796875 0.03173828125 0.021484375
7 0.2958984375 0.20263671875 0.05322265625 0.02099609375
7 0.3564453125 0.2529296875 0.0849609375 0.0361328125
7 0.9150390625 0.35791015625 0.0771484375 0.0546875
7 0.9775390625 0.32421875 0.02685546875 0.03662109375
7 0.9833984375 0.375 0.03271484375 0.04931640625
7 0.220703125 0.40087890625 0.07080078125 0.0341796875
7 0.52783203125 0.41162109375 0.0322265625 0.0205078125
7 0.95849609375 0.583984375 0.05322265625 0.02294921875
7 0.9345703125 0.62158203125 0.04296875 0.021484375
7 0.84326171875 0.35107421875 0.07275390625 0.0283203125
7 0.93798828125 0.314453125 0.05126953125 0.03466796875
7 0.482421875 0.21044921875 0.029296875 0.0244140625
7 0.49560546875 0.27880859375 0.0283203125 0.017578125
7 0.0283203125 0.87158203125 0.0546875 0.03955078125
7 0.14453125 0.2509765625 0.037109375 0.029296875
11 0.34033203125 0.3125 0.0498046875 0.04443359375
3 0.4541015625 0.36572265625 0.02880859375 0.02978515625
3 0.54052734375 0.4619140625 0.05908203125 0.04052734375
3 0.28662109375 0.7333984375 0.0576171875 0.0361328125
3 0.60888671875 0.8251953125 0.06494140625 0.04052734375
9 0.14990234375 0.96142578125 0.02685546875 0.037109375
3 0.12353515625 0.8681640625 0.0517578125 0.041015625
2 0.107421875 0.27294921875 0.01171875 0.0078125
8 0.28076171875 0.53955078125 0.01708984375 0.01123046875
8 0.2822265625 0.5283203125 0.01318359375 0.009765625
8 0.26904296875 0.5361328125 0.01513671875 0.013671875
3 0.814453125 0.05078125 0.04052734375 0.0390625
8 0.7294921875 0.01611328125 0.02099609375 0.017578125
8 0.70703125 0.01123046875 0.0185546875 0.01513671875